2.000000000000000042e-03 9.999999999999986677e-01
4.000000000000000083e-03 1.000000000000000444e+00
6.000000000000000125e-03 1.000000000000000000e+00
8.000000000000000167e-03 1.000000000000001776e+00
1.000000000000000021e-02 1.000000000000000222e+00
1.200000000000000025e-02 9.999999999999982236e-01
1.400000000000000029e-02 1.000000000000000666e+00
1.600000000000000033e-02 1.000000000000000666e+00
1.800000000000000211e-02 1.000000000000000666e+00
2.000000000000000389e-02 1.000000000000000666e+00
2.199999999999999872e-02 1.000000000000000222e+00
2.400000000000000050e-02 1.000000000000000444e+00
2.600000000000000228e-02 9.999999999999995559e-01
2.800000000000000405e-02 9.999999999999995559e-01
2.999999999999999889e-02 1.000000000000000222e+00
3.200000000000000067e-02 9.999999999999995559e-01
3.400000000000000244e-02 1.000000000000000444e+00
3.600000000000000422e-02 1.000000000000000666e+00
3.800000000000000600e-02 1.000000000000000888e+00
4.000000000000000083e-02 9.999999999999990008e-01
4.200000000000000261e-02 1.000000000000000000e+00
4.400000000000000439e-02 9.999999999999986677e-01
4.599999999999999922e-02 1.000000000000000888e+00
4.800000000000000100e-02 9.999999999999996669e-01
5.000000000000000278e-02 1.000000000000000000e+00
5.200000000000000455e-02 9.999999999999991118e-01
5.400000000000000633e-02 1.000000000000000888e+00
5.600000000000000117e-02 1.000000000000000222e+00
5.800000000000000294e-02 1.000000000000000222e+00
6.000000000000000472e-02 1.000000000000001110e+00
6.199999999999999956e-02 1.000000000000001110e+00
6.400000000000000133e-02 9.999999999999998890e-01
6.600000000000000311e-02 9.999999999999998890e-01
6.800000000000000488e-02 1.000000000000000888e+00
7.000000000000000666e-02 1.000000000000000666e+00
7.200000000000000844e-02 9.999995364158597022e-01
7.400000000000001021e-02 9.999985455503745957e-01
7.599999999999999811e-02 9.999975356696076956e-01
7.799999999999999989e-02 9.999962614263290250e-01
8.000000000000000167e-02 9.999945750666535682e-01
8.200000000000000344e-02 9.999922959153808577e-01
8.400000000000000522e-02 9.999891750426538328e-01
8.600000000000000699e-02 9.999848568658936676e-01
8.800000000000000877e-02 9.999788238837534760e-01
8.999999999999999667e-02 9.999703119126398532e-01
9.199999999999999845e-02 9.999581766554294093e-01
9.400000000000000022e-02 9.999406795486013300e-01
9.600000000000000200e-02 9.999151374584724916e-01
9.800000000000000377e-02 9.998773379147883889e-01
1.000000000000000056e-01 9.998205409519350662e-01
1.020000000000000073e-01 9.997337325715084377e-01
1.040000000000000091e-01 9.995984825882989755e-01
1.060000000000000109e-01 9.993831110549844521e-01
1.079999999999999988e-01 9.990314619955790176e-01
1.100000000000000006e-01 9.984403862550536024e-01
1.120000000000000023e-01 9.974123463786092048e-01
1.140000000000000041e-01 9.955498313233609453e-01
1.160000000000000059e-01 9.920037392380369745e-01
1.180000000000000077e-01 9.848236783419014317e-01
1.200000000000000094e-01 9.691155214124483885e-01
1.219999999999999973e-01 9.312711031091794878e-01
1.239999999999999991e-01 8.299421294556768025e-01
1.260000000000000009e-01 5.528543819059057451e-01
1.280000000000000027e-01 9.761061667624409965e-02
1.300000000000000044e-01 5.368652412482390751e-02
1.320000000000000062e-01 2.447496568140955231e-01
1.340000000000000080e-01 3.606511778253800871e-01
1.360000000000000098e-01 3.986481819395710224e-01
1.380000000000000115e-01 3.839949133353006139e-01
1.400000000000000133e-01 3.310002377856987033e-01
1.420000000000000151e-01 2.502583873551486038e-01
1.440000000000000169e-01 1.564444362217366491e-01
1.460000000000000187e-01 7.129250996888324143e-02
1.479999999999999927e-01 1.710057222380473654e-02
1.499999999999999944e-01 3.822707309810265391e-03
1.519999999999999962e-01 2.392101849318576529e-02
1.539999999999999980e-01 6.064827481560682715e-02
1.559999999999999998e-01 9.879310484253192581e-02
1.580000000000000016e-01 1.290638388477483300e-01
1.600000000000000033e-01 1.473760334459051080e-01
1.620000000000000051e-01 1.528623024198531299e-01
1.640000000000000069e-01 1.464119998098023512e-01
1.660000000000000087e-01 1.299571042565905998e-01
1.680000000000000104e-01 1.062219652998877412e-01
1.700000000000000122e-01 7.861468159277922030e-02
1.720000000000000140e-01 5.100191246190303312e-02
1.740000000000000158e-01 2.722258284487642441e-02
1.760000000000000175e-01 1.038302522354468162e-02
1.779999999999999916e-01 2.183034541626794126e-03
1.799999999999999933e-01 2.595773111000519544e-03
1.819999999999999951e-01 1.006407904302364896e-02
1.839999999999999969e-01 2.209254441476530065e-02
1.859999999999999987e-01 3.594084772817657952e-02
1.880000000000000004e-01 4.916363451781179117e-02
1.900000000000000022e-01 5.990089161260084977e-02
1.920000000000000040e-01 6.695713642887263228e-02
1.940000000000000058e-01 6.975849497938493848e-02
1.960000000000000075e-01 6.826461095319975858e-02
1.980000000000000093e-01 6.287789186739600744e-02
2.000000000000000111e-01 5.436138191952568505e-02
2.020000000000000129e-01 4.375707196204145499e-02
2.040000000000000147e-01 3.228926116097767529e-02
2.060000000000000164e-01 2.124145607775647024e-02
2.080000000000000182e-01 1.180820274201030418e-02
2.100000000000000200e-01 4.940539579987268150e-03
2.119999999999999940e-01 1.217318423903926937e-03
2.139999999999999958e-01 7.758606044114030494e-04
2.159999999999999976e-01 3.321106210071601492e-03
2.179999999999999993e-01 8.208546158297247430e-03
2.200000000000000011e-01 1.457483482491141527e-02
2.220000000000000029e-01 2.148098690716452458e-02
2.240000000000000047e-01 2.803814505433756959e-02
2.260000000000000064e-01 3.349922879763156391e-02
2.280000000000000082e-01 3.731345488987997117e-02
2.300000000000000100e-01 3.914963241016599510e-02
2.320000000000000118e-01 3.889719904463413702e-02
2.340000000000000135e-01 3.665274397136637774e-02
2.360000000000000153e-01 3.269658282210658601e-02
2.380000000000000171e-01 2.746076150196848781e-02
2.400000000000000189e-01 2.148793135312515590e-02
2.419999999999999929e-01 1.538048986571434983e-02
2.439999999999999947e-01 9.741261582173255107e-03
2.459999999999999964e-01 5.110196530654594928e-03
2.479999999999999982e-01 1.904836513235998651e-03
2.500000000000000000e-01 3.740569126877092612e-04
2.520000000000000018e-01 5.735919739032384682e-04
2.540000000000000036e-01 2.367940378961250203e-03
2.560000000000000053e-01 5.457630382427311813e-03
2.580000000000000071e-01 9.425546052637207017e-03
2.600000000000000089e-01 1.379291559467774042e-02
2.620000000000000107e-01 1.807537739920792724e-02
2.640000000000000124e-01 2.183172984481600992e-02
2.660000000000000142e-01 2.470123928078502354e-02
2.680000000000000160e-01 2.642842236178456761e-02
2.700000000000000178e-01 2.687623529280380036e-02
2.720000000000000195e-01 2.602941245386780622e-02
2.740000000000000213e-01 2.398956792860375623e-02
2.760000000000000231e-01 2.096307640709063960e-02
2.780000000000000249e-01 1.724216657729559649e-02
2.800000000000000266e-01 1.317946981089570223e-02
2.820000000000000284e-01 9.156679092242278953e-03
2.840000000000000302e-01 5.548975613489040212e-03
2.860000000000000320e-01 2.688211034530263444e-03
2.880000000000000338e-01 8.290160438755622739e-04
2.900000000000000355e-01 1.224909378037533289e-04
2.919999999999999818e-01 6.015258584859583179e-04
2.939999999999999836e-01 2.180073226145535711e-03
2.959999999999999853e-01 4.666273051837036695e-03
2.979999999999999871e-01 7.786929455866636700e-03
2.999999999999999889e-01 1.121915781159437547e-02
3.019999999999999907e-01 1.462446078381681412e-02
3.039999999999999925e-01 1.768100818760473536e-02
3.059999999999999942e-01 2.011110663480090294e-02
3.079999999999999960e-01 2.170224200422925243e-02
3.099999999999999978e-01 2.232123906009148354e-02
3.119999999999999996e-01 2.192178763250612200e-02
3.140000000000000013e-01 2.054582208463256315e-02
3.160000000000000031e-01 1.831914905076546460e-02
3.180000000000000049e-01 1.544151040132572469e-02
3.200000000000000067e-01 1.217116382994548433e-02
3.220000000000000084e-01 8.804234947710484066e-03
3.240000000000000102e-01 5.649620667177601523e-03
3.260000000000000120e-01 3.001049320651644117e-03
3.280000000000000138e-01 1.108826492740459151e-03
3.300000000000000155e-01 1.545030575367495698e-04
3.320000000000000173e-01 2.318652349888469203e-04
3.340000000000000191e-01 1.337061342554746353e-03
3.360000000000000209e-01 3.369382812398200554e-03
3.380000000000000226e-01 6.142508924948951281e-03
3.400000000000000244e-01 9.404369891205256390e-03
3.420000000000000262e-01 1.286262453436686458e-02
3.440000000000000280e-01 1.621233593843790163e-02
3.460000000000000298e-01 1.916274195109619882e-02
3.480000000000000315e-01 2.146081886542717393e-02
3.500000000000000333e-01 2.291029460600082363e-02
3.520000000000000351e-01 2.338558870924726391e-02
3.539999999999999813e-01 2.284066544043898694e-02
3.559999999999999831e-01 2.131294636198254391e-02
3.579999999999999849e-01 1.892231609711332932e-02
3.599999999999999867e-01 1.586501986822003510e-02
3.619999999999999885e-01 1.240207679339394922e-02
3.639999999999999902e-01 8.841896665975245567e-03
3.659999999999999920e-01 5.517218679001925814e-03
3.679999999999999938e-01 2.757316337295261707e-03
3.699999999999999956e-01 8.575141237531285973e-04
3.719999999999999973e-01 4.915857991756205004e-05
3.739999999999999991e-01 4.738942090469736197e-04
3.760000000000000009e-01 2.166054336619819849e-03
3.780000000000000027e-01 5.046024588032507752e-03
3.800000000000000044e-01 8.925720807067272222e-03
3.820000000000000062e-01 1.352529147947584623e-02
3.840000000000000080e-01 1.849838913323493400e-02
3.860000000000000098e-01 2.346233574472007116e-02
3.880000000000000115e-01 2.802942802724788310e-02
3.900000000000000133e-01 3.183635742057296797e-02
3.920000000000000151e-01 3.456989976186672364e-02
3.940000000000000169e-01 3.598824565601402292e-02
3.960000000000000187e-01 3.593826037312958244e-02
3.980000000000000204e-01 3.436939280037280831e-02
4.000000000000000222e-01 3.134484682926931554e-02
4.020000000000000240e-01 2.705003720760617431e-02
4.040000000000000258e-01 2.179739914233640857e-02
4.060000000000000275e-01 1.602550409228133826e-02
4.080000000000000293e-01 1.028945128127010077e-02
4.100000000000000311e-01 5.239075179607180846e-03
4.120000000000000329e-01 1.582133552084251903e-03
4.140000000000000346e-01 3.173734144974103111e-05
4.160000000000000364e-01 1.240897836501571490e-03
4.180000000000000382e-01 5.731552732071636819e-03
4.199999999999999845e-01 1.382935544379852895e-02
4.219999999999999862e-01 2.561702892440029244e-02
4.239999999999999880e-01 4.091683203790642126e-02
4.259999999999999898e-01 5.930673558797139311e-02
4.279999999999999916e-01 8.016708264774316528e-02
4.299999999999999933e-01 1.027476506445856724e-01
4.319999999999999951e-01 1.262415476660783409e-01
4.339999999999999969e-01 1.498530595878166949e-01
4.359999999999999987e-01 1.728504409440963230e-01
4.380000000000000004e-01 1.945997648789400125e-01
4.400000000000000022e-01 2.145804853457988493e-01
4.420000000000000040e-01 2.323862907880066553e-01
4.440000000000000058e-01 2.477159999790654321e-01
4.460000000000000075e-01 2.603590922737661351e-01
4.480000000000000093e-01 2.701795761300061494e-01
4.500000000000000111e-01 2.771007899487287207e-01
4.520000000000000129e-01 2.810927140773393784e-01
4.540000000000000147e-01 2.821625877713200281e-01
4.560000000000000164e-01 2.803490829048628230e-01
4.580000000000000182e-01 2.757199364526678464e-01
4.600000000000000200e-01 2.683727137882325198e-01
4.620000000000000218e-01 2.584381948883451852e-01
4.640000000000000235e-01 2.460856910118585650e-01
4.660000000000000253e-01 2.315293782514069032e-01
4.680000000000000271e-01 2.150344735178212618e-01
4.700000000000000289e-01 1.969218109305290731e-01
4.720000000000000306e-01 1.775691756311679192e-01
4.740000000000000324e-01 1.574077273416540634e-01
4.760000000000000342e-01 1.369121223942070531e-01
4.780000000000000360e-01 1.165836174971373457e-01
4.800000000000000377e-01 9.692652046818936440e-02
4.819999999999999840e-01 7.841970883629559297e-02
4.839999999999999858e-01 6.148627461526873228e-02
4.859999999999999876e-01 4.646528004613560692e-02
4.879999999999999893e-01 3.358976411938669610e-02
4.899999999999999911e-01 2.297435586518448147e-02
4.919999999999999929e-01 1.461425988694562209e-02
4.939999999999999947e-01 8.395394440853711643e-03
4.959999999999999964e-01 4.113623514544069958e-03
4.979999999999999982e-01 1.499792807916050475e-03
5.000000000000000000e-01 2.468762975822884407e-04
5.020000000000000018e-01 3.590696074799487098e-05
5.040000000000000036e-01 5.582431513233934196e-04
5.060000000000000053e-01 1.532785414488943001e-03
5.080000000000000071e-01 2.717733526409318867e-03
5.100000000000000089e-01 3.917199831531899441e-03
5.120000000000000107e-01 4.983427690071573143e-03
5.140000000000000124e-01 5.815540146776140840e-03
5.160000000000000142e-01 6.355739853350171782e-03
5.180000000000000160e-01 6.583777178783461852e-03
5.200000000000000178e-01 6.510363810623425937e-03
5.220000000000000195e-01 6.170075390918054563e-03
5.240000000000000213e-01 5.614178373518932848e-03
5.260000000000000231e-01 4.903736260322870584e-03
5.280000000000000249e-01 4.103291381563047013e-03
5.300000000000000266e-01 3.275368849815273563e-03
5.320000000000000284e-01 2.475998125711422262e-03
5.340000000000000302e-01 1.751387404595610136e-03
5.360000000000000320e-01 1.135814753682407247e-03
5.380000000000000338e-01 6.507209667675872399e-04
5.400000000000000355e-01 3.049098419700080006e-04
5.420000000000000373e-01 9.569117418690452673e-05
5.440000000000000391e-01 1.074863070432152384e-05
5.460000000000000409e-01 3.048457192761472550e-05
5.480000000000000426e-01 1.305887099374955409e-04
5.500000000000000444e-01 2.845953572808273819e-04
5.520000000000000462e-01 4.662300302579980792e-04
5.540000000000000480e-01 6.513938375173045341e-04
5.560000000000000497e-01 8.196866812693734058e-04
5.580000000000000515e-01 9.554219669795253412e-04
5.600000000000000533e-01 1.048131890620973344e-03
5.620000000000000551e-01 1.092600728990291087e-03
5.640000000000000568e-01 1.088492630724259211e-03
5.660000000000000586e-01 1.039660009638184108e-03
5.680000000000000604e-01 9.532292830242460654e-04
5.700000000000000622e-01 8.385632550984361503e-04
5.720000000000000639e-01 7.061949817009561441e-04
5.740000000000000657e-01 5.668176329923758049e-04
5.760000000000000675e-01 4.303999624326769404e-04
5.780000000000000693e-01 3.054788755711756532e-04
5.799999999999999600e-01 1.986607647379357087e-04
5.819999999999999618e-01 1.143432871967274317e-04
5.839999999999999636e-01 5.465062301530534099e-05
5.859999999999999654e-01 1.955928901845707576e-05
5.879999999999999671e-01 7.179336310122060650e-06
5.899999999999999689e-01 1.414784677344964621e-05
5.919999999999999707e-01 3.608824493735000182e-05
5.939999999999999725e-01 6.808979837802954505e-05
5.959999999999999742e-01 1.051661730463443868e-04
5.979999999999999760e-01 1.426591675569253428e-04
5.999999999999999778e-01 1.765627729492940420e-04
6.019999999999999796e-01 2.037524840030858976e-04
6.039999999999999813e-01 2.221144070631052368e-04
6.059999999999999831e-01 2.305774081673335214e-04
6.079999999999999849e-01 2.290587611212183258e-04
6.099999999999999867e-01 2.183391328270235072e-04
6.119999999999999885e-01 1.998861265521629312e-04
6.139999999999999902e-01 1.756470139230283871e-04
6.159999999999999920e-01 1.478308916177098118e-04
6.179999999999999938e-01 1.186985808257953452e-04
6.199999999999999956e-01 9.037550616316743831e-05
6.219999999999999973e-01 6.469894726325411992e-05
6.239999999999999991e-01 4.310685883487150977e-05
6.260000000000000009e-01 2.657128600353678529e-05
6.280000000000000027e-01 1.557559011703644618e-05
6.300000000000000044e-01 1.013150004601240634e-05
6.320000000000000062e-01 9.829581953617963846e-06
6.340000000000000080e-01 1.391515209808838097e-05
6.360000000000000098e-01 2.138093258050022860e-05
6.380000000000000115e-01 3.106778718095297534e-05
6.400000000000000133e-01 4.176553874094161910e-05
6.420000000000000151e-01 5.230699514401877462e-05
6.440000000000000169e-01 6.164972292408232401e-05
6.460000000000000187e-01 6.894164127678822527e-05
6.480000000000000204e-01 7.356802538610176059e-05
6.500000000000000222e-01 7.517890179962640601e-05
6.520000000000000240e-01 7.369702371985924325e-05
6.540000000000000258e-01 6.930760082351828972e-05
6.560000000000000275e-01 6.243172759358709063e-05
6.580000000000000293e-01 5.368602901419761386e-05
6.600000000000000311e-01 4.383145731820266950e-05
6.620000000000000329e-01 3.371446431266921428e-05
6.640000000000000346e-01 2.420396962802581862e-05
6.660000000000000364e-01 1.612766197514268397e-05
6.680000000000000382e-01 1.021120820595420778e-05
6.700000000000000400e-01 7.023888430546996468e-06
6.720000000000000417e-01 6.933997919033301723e-06
6.740000000000000435e-01 1.007702610253361579e-05
6.760000000000000453e-01 1.633911048162381286e-05
6.780000000000000471e-01 2.535755041667945323e-05
6.800000000000000488e-01 3.653925273458010067e-05
6.820000000000000506e-01 4.909689169332211839e-05
6.840000000000000524e-01 6.210135014646827787e-05
6.860000000000000542e-01 7.454774200946483360e-05
6.880000000000000560e-01 8.543109434519080125e-05
6.900000000000000577e-01 9.382669962990088065e-05
6.920000000000000595e-01 9.896934711629509253e-05
6.940000000000000613e-01 1.003252103063269855e-04
6.960000000000000631e-01 9.765018886150248867e-05
6.980000000000000648e-01 9.102903039492720155e-05
7.000000000000000666e-01 8.089060348107525846e-05
7.020000000000000684e-01 6.799622549393800647e-05
7.040000000000000702e-01 5.339988769971023593e-05
7.059999999999999609e-01 3.838144017079461311e-05
7.079999999999999627e-01 2.435613644794655785e-05
7.099999999999999645e-01 1.276620029067225431e-05
7.119999999999999662e-01 4.962058858904274525e-06
7.139999999999999680e-01 2.082387331290307897e-06
7.159999999999999698e-01 4.942952440422124161e-06
7.179999999999999716e-01 1.394429337829426937e-05
7.199999999999999734e-01 2.900746540093828587e-05
7.219999999999999751e-01 4.954539504372417412e-05
7.239999999999999769e-01 7.447493653548939701e-05
7.259999999999999787e-01 1.022716350733856276e-04
7.279999999999999805e-01 1.310657203876760591e-04
7.299999999999999822e-01 1.587742503075642347e-04
7.319999999999999840e-01 1.832609029297354328e-04
7.339999999999999858e-01 2.025119823663937431e-04
7.359999999999999876e-01 2.148150357081347005e-04
7.379999999999999893e-01 2.189253059749882071e-04
7.399999999999999911e-01 2.142052249477692061e-04
7.419999999999999929e-01 2.007233532974252600e-04
7.439999999999999947e-01 1.793015824868888922e-04
7.459999999999999964e-01 1.515029071493073870e-04
7.479999999999999982e-01 1.195564497174116174e-04
7.500000000000000000e-01 8.622137970812312525e-05
7.520000000000000018e-01 5.459655866864436975e-05
7.540000000000000036e-01 2.788775114863411964e-05
7.560000000000000053e-01 9.148644301476596257e-06
7.580000000000000071e-01 1.015298232755520975e-06
7.600000000000000089e-01 5.455640019386093205e-06
7.620000000000000107e-01 2.355593876123099304e-05
7.640000000000000124e-01 5.536470333178062709e-05
7.660000000000000142e-01 9.981112584338661163e-05
7.680000000000000160e-01 1.547102137104797745e-04
7.700000000000000178e-01 2.168604332639321444e-04
7.720000000000000195e-01 2.822324873274344192e-04
7.740000000000000213e-01 3.462403254215901658e-04
7.760000000000000231e-01 4.040782431722332612e-04
7.780000000000000249e-01 4.511015642838708535e-04
7.800000000000000266e-01 4.832234519424598741e-04
7.820000000000000284e-01 4.972973032353094269e-04
7.840000000000000302e-01 4.914532467960150332e-04
7.860000000000000320e-01 4.653586525871584371e-04
7.880000000000000338e-01 4.203762877108960976e-04
7.900000000000000355e-01 3.595996826927947082e-04
7.920000000000000373e-01 2.877531384785639236e-04
7.940000000000000391e-01 2.109532000983440063e-04
7.960000000000000409e-01 1.363388127983614204e-04
7.980000000000000426e-01 7.158810240751345172e-05
8.000000000000000444e-01 2.435002199897188748e-05
8.020000000000000462e-01 1.628151516207783136e-06
8.040000000000000480e-01 9.160885169355602770e-06
8.060000000000000497e-01 5.084632052974982400e-05
8.080000000000000515e-01 1.282607625827603072e-04
8.100000000000000533e-01 2.403165206422271062e-04
8.120000000000000551e-01 3.830975830533440984e-04
8.140000000000000568e-01 5.499011521815412324e-04
8.160000000000000586e-01 7.314996176861918381e-04
8.180000000000000604e-01 9.166223389959796911e-04
8.200000000000000622e-01 1.092640775691448764e-03
8.220000000000000639e-01 1.246425261420814690e-03
8.240000000000000657e-01 1.365328173311154344e-03
8.260000000000000675e-01 1.438237298708204201e-03
8.280000000000000693e-01 1.456635460247910057e-03
8.300000000000000711e-01 1.415598263170813600e-03
8.320000000000000728e-01 1.314661278934875803e-03
8.340000000000000746e-01 1.158491033649684809e-03
8.359999999999999654e-01 9.573007297425236914e-04
8.379999999999999671e-01 7.269616056995845989e-04
8.399999999999999689e-01 4.887741690416211749e-04
8.419999999999999707e-01 2.688801379822068106e-04
8.439999999999999725e-01 9.731558341114515827e-05
8.459999999999999742e-01 6.727981164051484004e-06
8.479999999999999760e-01 3.080373930213477310e-05
8.499999999999999778e-01 2.024767942916967233e-04
8.519999999999999796e-01 5.520110708141440833e-04
8.539999999999999813e-01 1.105067565438834585e-03
8.559999999999999831e-01 1.880878022959965199e-03
8.579999999999999849e-01 2.890649404703898341e-03
8.599999999999999867e-01 4.136315147632732211e-03
8.619999999999999885e-01 5.609730310451162445e-03
8.639999999999999902e-01 7.292379252096718376e-03
8.659999999999999920e-01 9.155629050186750786e-03
8.679999999999999938e-01 1.116152310015099298e-02
8.699999999999999956e-01 1.326407143565123438e-02
8.719999999999999973e-01 1.541096132031576776e-02
8.739999999999999991e-01 1.754558680346982036e-02
8.760000000000000009e-01 1.960928112277370017e-02
8.780000000000000027e-01 2.154363146807854873e-02
8.800000000000000044e-01 2.329276066040342902e-02
8.820000000000000062e-01 2.480547263827715190e-02
8.840000000000000080e-01 2.603717559747712601e-02
8.860000000000000098e-01 2.695151547445025567e-02
8.880000000000000115e-01 2.752167088606009837e-02
8.900000000000000133e-01 2.773127704500909230e-02
8.920000000000000151e-01 2.757495981735789276e-02
8.940000000000000169e-01 2.705847204880175438e-02
8.960000000000000187e-01 2.619843328652686834e-02
8.980000000000000204e-01 2.502168219477469632e-02
9.000000000000000222e-01 2.356425954773412254e-02
9.020000000000000240e-01 2.187004974097363913e-02
9.040000000000000258e-01 1.998912089892177987e-02
9.060000000000000275e-01 1.797581782605981240e-02
9.080000000000000293e-01 1.588667745546567395e-02
9.100000000000000311e-01 1.377825156653393959e-02
9.120000000000000329e-01 1.170493429785700486e-02
9.140000000000000346e-01 9.716900055337778300e-03
9.160000000000000364e-01 7.858258669479652181e-03
9.180000000000000382e-01 6.165527571701632722e-03
9.200000000000000400e-01 4.666504827924802638e-03
9.220000000000000417e-01 3.379602814434507028e-03
9.240000000000000435e-01 2.313672107742813927e-03
9.260000000000000453e-01 1.468311736587936400e-03
9.280000000000000471e-01 8.346287947666349016e-04
9.300000000000000488e-01 3.963809947528952864e-04
9.320000000000000506e-01 1.314129352788006905e-04
9.340000000000000524e-01 1.328255406150805100e-05
9.360000000000000542e-01 1.296914348120048139e-05
9.380000000000000560e-01 1.005579700260137571e-04
9.400000000000000577e-01 2.468075789205747108e-04
9.420000000000000595e-01 4.245223266056774385e-04
9.440000000000000613e-01 6.096724072444512825e-04
9.460000000000000631e-01 7.822245905000128029e-04
9.480000000000000648e-01 9.266673782979076984e-04
9.500000000000000666e-01 1.032233080199314009e-03
9.520000000000000684e-01 1.092835610023963969e-03
9.540000000000000702e-01 1.106756200987812303e-03
9.560000000000000719e-01 1.076119562516651479e-03
9.580000000000000737e-01 1.006210247232152940e-03
9.600000000000000755e-01 9.046832147696475803e-04
9.619999999999999662e-01 7.807238457696504810e-04
9.639999999999999680e-01 6.442110707064570762e-04
9.659999999999999698e-01 5.049329797611284932e-04
9.679999999999999716e-01 3.718975104052169457e-04
9.699999999999999734e-01 2.527719403340019581e-04
9.719999999999999751e-01 1.534744691600511014e-04
9.739999999999999769e-01 7.792981966052308122e-05
9.759999999999999787e-01 2.798929539559400490e-05
9.779999999999999805e-01 3.504895174935618791e-06
9.799999999999999822e-01 2.537655347939994161e-06
9.819999999999999840e-01 2.167298783101103288e-05
9.839999999999999858e-01 5.641083197574657993e-05
9.859999999999999876e-01 1.015961397103488207e-04
9.879999999999999893e-01 1.518555299075720886e-04
9.899999999999999911e-01 2.020086339275565742e-04
9.919999999999999929e-01 2.474272998646401050e-04
9.939999999999999947e-01 2.843219112084594664e-04
9.959999999999999964e-01 3.099410407186288193e-04
9.979999999999999982e-01 3.226779396032718704e-04
1.000000000000000000e+00 3.220844361472860809e-04
1.002000000000000002e+00 3.087992381873968443e-04
1.004000000000000004e+00 2.844030389341547496e-04
1.006000000000000005e+00 2.512169494936360202e-04
1.008000000000000007e+00 2.120634559775917498e-04
1.010000000000000009e+00 1.700102541217033423e-04
1.012000000000000011e+00 1.281169754144929689e-04
1.014000000000000012e+00 8.920310272715193235e-05
1.016000000000000014e+00 5.565248053249369448e-05
1.018000000000000016e+00 2.926602581370597758e-05
1.020000000000000018e+00 1.116986380014148114e-05
1.022000000000000020e+00 1.781499638803370485e-06
1.024000000000000021e+00 8.321466257804242711e-07
1.026000000000000023e+00 7.439290931837333892e-06
1.028000000000000025e+00 2.022025692049093752e-05
1.030000000000000027e+00 3.743514852339158676e-05
1.032000000000000028e+00 5.714619744727148241e-05
1.034000000000000030e+00 7.738027526239513361e-05
1.036000000000000032e+00 9.628206548484101717e-05
1.038000000000000034e+00 1.122470120497214479e-04
1.040000000000000036e+00 1.240254741473730492e-04
1.042000000000000037e+00 1.307922997656635626e-04
1.044000000000000039e+00 1.321790407105678474e-04
1.046000000000000041e+00 1.282690323996631403e-04
1.048000000000000043e+00 1.195583336422414213e-04
1.050000000000000044e+00 1.068878788253552838e-04
1.052000000000000046e+00 9.135399381575460295e-05
1.054000000000000048e+00 7.420557290062647338e-05
1.056000000000000050e+00 5.673666492848078598e-05
1.058000000000000052e+00 4.018298243484268184e-05
1.060000000000000053e+00 2.562998696703456666e-05
1.062000000000000055e+00 1.393881886340851868e-05
1.064000000000000057e+00 5.694565882562800224e-06
1.066000000000000059e+00 1.179360067546056702e-06
1.068000000000000060e+00 3.707231394136929875e-07
1.070000000000000062e+00 2.963610509845116317e-06
1.072000000000000064e+00 8.412878822627448125e-06
1.074000000000000066e+00 1.599154023064830519e-05
1.076000000000000068e+00 2.485925113043608784e-05
1.078000000000000069e+00 3.413505629521080013e-05
1.080000000000000071e+00 4.296847265748895967e-05
1.082000000000000073e+00 5.060351336246021086e-05
1.084000000000000075e+00 5.643115235049009533e-05
1.086000000000000076e+00 6.002691793192347627e-05
1.088000000000000078e+00 6.117167014727766439e-05
1.090000000000000080e+00 5.985504456958805998e-05
1.092000000000000082e+00 5.626242110493400855e-05
1.094000000000000083e+00 5.074749814500385087e-05
1.096000000000000085e+00 4.379353616193980281e-05
1.098000000000000087e+00 3.596701978578493845e-05
1.100000000000000089e+00 2.786783917591019422e-05
1.102000000000000091e+00 2.008010309761787998e-05
1.104000000000000092e+00 1.312738700100285328e-05
1.106000000000000094e+00 7.435632644571143994e-06
1.108000000000000096e+00 3.306113618961878807e-06
1.110000000000000098e+00 8.999390798109330826e-07
1.112000000000000099e+00 2.345684408888225033e-07
1.114000000000000101e+00 1.191834960989844123e-06
1.116000000000000103e+00 3.536101664299363480e-06
1.118000000000000105e+00 6.940462054959932776e-06
1.120000000000000107e+00 1.101839700509193809e-05
1.122000000000000108e+00 1.535803480546564292e-05
1.124000000000000110e+00 1.955613988218681088e-05
1.126000000000000112e+00 2.324916350590821855e-05
1.128000000000000114e+00 2.613909590056571564e-05
1.130000000000000115e+00 2.801241860506728843e-05
1.132000000000000117e+00 2.875111450698217345e-05
1.134000000000000119e+00 2.833539197046934952e-05
1.136000000000000121e+00 2.683846073845602673e-05
1.138000000000000123e+00 2.441430767849842243e-05
1.140000000000000124e+00 2.127991577348994218e-05
1.142000000000000126e+00 1.769371771469053703e-05
1.144000000000000128e+00 1.393225743633782275e-05
1.146000000000000130e+00 1.026704473373629745e-05
1.148000000000000131e+00 6.943439436058724577e-06
1.150000000000000133e+00 4.163114521001025389e-06
1.152000000000000135e+00 2.071254012059683652e-06
1.154000000000000137e+00 7.491801937585399223e-07
1.155999999999999917e+00 2.126175350415240291e-07
1.157999999999999918e+00 4.153292350111518555e-07
1.159999999999999920e+00 1.257444187347738904e-06
1.161999999999999922e+00 2.597458356379681498e-06
1.163999999999999924e+00 4.266667103274774890e-06
1.165999999999999925e+00 6.084675694010192008e-06
1.167999999999999927e+00 7.874645254124751863e-06
1.169999999999999929e+00 9.477051945520712582e-06
1.171999999999999931e+00 1.076095057848902775e-05
1.173999999999999932e+00 1.163201602447085828e-05
1.175999999999999934e+00 1.203695824517516573e-05
1.177999999999999936e+00 1.196423954575380716e-05
1.179999999999999938e+00 1.144133693007481923e-05
1.181999999999999940e+00 1.052906279327136621e-05
1.183999999999999941e+00 9.313663657320974730e-06
1.185999999999999943e+00 7.897546058796228952e-06
1.187999999999999945e+00 6.389525364682841201e-06
1.189999999999999947e+00 4.895459101868401628e-06
1.191999999999999948e+00 3.510020152309601238e-06
1.193999999999999950e+00 2.310201454787369966e-06
1.195999999999999952e+00 1.350941359159594195e-06
1.197999999999999954e+00 6.630384183775783484e-07
1.199999999999999956e+00 2.533073156586532276e-07
1.201999999999999957e+00 1.067332462129195315e-07
1.203999999999999959e+00 1.902264698400133795e-07
1.205999999999999961e+00 4.574733367708759611e-07
1.207999999999999963e+00 8.543308397323287783e-07
1.209999999999999964e+00 1.324218951010232358e-06
1.211999999999999966e+00 1.813023564823260097e-06
1.213999999999999968e+00 2.273123077785172920e-06
1.215999999999999970e+00 2.666280374694682164e-06
1.217999999999999972e+00 2.965284141707310813e-06
1.219999999999999973e+00 3.154363505383973051e-06
1.221999999999999975e+00 3.228523646451051925e-06
1.223999999999999977e+00 3.192045440369371773e-06
1.225999999999999979e+00 3.056451119001177070e-06
1.227999999999999980e+00 2.838256512016043445e-06
1.229999999999999982e+00 2.556809239226707497e-06
1.231999999999999984e+00 2.232456241600141680e-06
1.233999999999999986e+00 1.885201902997072218e-06
1.235999999999999988e+00 1.533921056645698701e-06
1.237999999999999989e+00 1.196092146083721122e-06
1.239999999999999991e+00 8.879275098682614466e-07
1.241999999999999993e+00 6.247116185207913584e-07
1.243999999999999995e+00 4.211229448451879378e-07
1.245999999999999996e+00 2.913162417146270468e-07
1.247999999999999998e+00 2.485803694430152068e-07
1.250000000000000000e+00 3.044590791183775218e-07
1.252000000000000002e+00 4.673207726953103143e-07
1.254000000000000004e+00 7.404771880473637407e-07
1.256000000000000005e+00 1.120066717663662542e-06
1.258000000000000007e+00 1.593021067874329550e-06
1.260000000000000009e+00 2.135509976237213173e-06
1.262000000000000011e+00 2.712295379642156563e-06
1.264000000000000012e+00 3.277414678216085986e-06
1.266000000000000014e+00 3.776547873879018273e-06
1.268000000000000016e+00 4.151305828414612391e-06
1.270000000000000018e+00 4.345512583957808504e-06
1.272000000000000020e+00 4.313354768791699990e-06
1.274000000000000021e+00 4.029051273899858847e-06
1.276000000000000023e+00 3.497475726707528112e-06
1.278000000000000025e+00 2.764963774503116696e-06
1.280000000000000027e+00 1.929377885864069149e-06
1.282000000000000028e+00 1.148403571239285137e-06
1.284000000000000030e+00 6.450283021379373377e-07
1.286000000000000032e+00 7.092184492362634616e-07
1.288000000000000034e+00 1.694964266913613808e-06
1.290000000000000036e+00 4.012105060477187259e-06
1.292000000000000037e+00 8.112665404400290541e-06
1.294000000000000039e+00 1.447181069393349364e-05
1.296000000000000041e+00 2.356394225145678865e-05
1.298000000000000043e+00 3.583486980344638678e-05
1.300000000000000044e+00 5.167139078481856087e-05
1.302000000000000046e+00 7.136993958346589536e-05
1.304000000000000048e+00 9.510621555355457286e-05
1.306000000000000050e+00 1.229078310134921852e-04
1.308000000000000052e+00 1.546320209609799198e-04
1.310000000000000053e+00 1.899503150518085169e-04
1.312000000000000055e+00 2.283417896461672082e-04
1.314000000000000057e+00 2.690961040790401182e-04
1.316000000000000059e+00 3.113270016219353564e-04
1.318000000000000060e+00 3.539963518235762167e-04
1.320000000000000062e+00 3.959481641901961861e-04
1.322000000000000064e+00 4.359513553163313847e-04
1.324000000000000066e+00 4.727494461741744937e-04
1.326000000000000068e+00 5.051148455122544782e-04
1.328000000000000069e+00 5.319049769954350016e-04
1.330000000000000071e+00 5.521172624931697508e-04
1.332000000000000073e+00 5.649399030999239244e-04
1.334000000000000075e+00 5.697955134558712470e-04
1.336000000000000076e+00 5.663749624051038749e-04
1.338000000000000078e+00 5.546592408840273413e-04
1.340000000000000080e+00 5.349277919710472649e-04
1.342000000000000082e+00 5.077524642871398619e-04
1.344000000000000083e+00 4.739770466234498845e-04
1.346000000000000085e+00 4.346831615608400630e-04
1.348000000000000087e+00 3.911440890562316352e-04
1.350000000000000089e+00 3.447688079579834660e-04
1.352000000000000091e+00 2.970391380924946060e-04
1.354000000000000092e+00 2.494432983306007459e-04
1.356000000000000094e+00 2.034094365702240263e-04
1.358000000000000096e+00 1.602427171395256079e-04
1.360000000000000098e+00 1.210693642856653832e-04
1.362000000000000099e+00 8.679066582830716290e-05
1.364000000000000101e+00 5.804936132455662529e-05
1.366000000000000103e+00 3.521010956342249948e-05
1.368000000000000105e+00 1.835489675355084902e-05
1.370000000000000107e+00 7.293362698787689311e-06
1.372000000000000108e+00 1.587144574302465862e-06
1.374000000000000110e+00 5.865232464181613819e-07
1.376000000000000112e+00 3.476957608730560285e-06
1.378000000000000114e+00 9.332552183711759341e-06
1.380000000000000115e+00 1.717315514831183401e-05
1.382000000000000117e+00 2.602164757792689727e-05
1.384000000000000119e+00 3.495806527992738490e-05
1.386000000000000121e+00 4.316748291824438989e-05
1.388000000000000123e+00 4.997906361067327823e-05
1.390000000000000124e+00 5.489430164532381782e-05
1.392000000000000126e+00 5.760321822721906846e-05
1.394000000000000128e+00 5.798806104106589334e-05
1.396000000000000130e+00 5.611485599335257353e-05
1.398000000000000131e+00 5.221391249337682829e-05
1.400000000000000133e+00 4.665104462067253135e-05
1.402000000000000135e+00 3.989179887122819708e-05
1.404000000000000137e+00 3.246134353624835082e-05
1.406000000000000139e+00 2.490285501893451211e-05
1.408000000000000140e+00 1.773722484769871431e-05
1.409999999999999920e+00 1.142671297448933523e-05
1.411999999999999922e+00 6.344805776420476047e-06
1.413999999999999924e+00 2.754029802278162782e-06
1.415999999999999925e+00 7.928626262157459790e-07
1.417999999999999927e+00 4.722144730860220631e-07
1.419999999999999929e+00 1.681276030137534198e-06
1.421999999999999931e+00 4.201886281111022359e-06
1.423999999999999932e+00 7.730012888392791894e-06
1.425999999999999934e+00 1.190249350899983740e-05
1.427999999999999936e+00 1.632688715446348722e-05
1.429999999999999938e+00 2.061214700697768865e-05
1.431999999999999940e+00 2.439785480669329771e-05
1.433999999999999941e+00 2.737994494430018232e-05
1.435999999999999943e+00 2.933117558688830189e-05
1.437999999999999945e+00 3.011504693887958727e-05
1.439999999999999947e+00 2.969238826214579520e-05
1.441999999999999948e+00 2.812039612530338472e-05
1.443999999999999950e+00 2.554446537863735116e-05
1.445999999999999952e+00 2.218367160780693601e-05
1.447999999999999954e+00 1.831120330596192083e-05
1.449999999999999956e+00 1.423137410214025181e-05
1.451999999999999957e+00 1.025504881409579043e-05
1.453999999999999959e+00 6.675380272098380419e-06
1.455999999999999961e+00 3.745675566996555091e-06
1.457999999999999963e+00 1.660999685800536006e-06
1.459999999999999964e+00 5.447999748799785780e-07
1.461999999999999966e+00 4.414230726231558573e-07
1.463999999999999968e+00 1.314929360780262495e-06
1.465999999999999970e+00 3.054124500258611916e-06
1.467999999999999972e+00 5.483259838495304085e-06
1.469999999999999973e+00 8.377437939373548432e-06
1.471999999999999975e+00 1.148142612191972117e-05
1.473999999999999977e+00 1.453035286667072617e-05
1.475999999999999979e+00 1.727065406546831965e-05
1.477999999999999980e+00 1.947965387100615209e-05
1.479999999999999982e+00 2.098230437090704546e-05
1.481999999999999984e+00 2.166385650011470391e-05
1.483999999999999986e+00 2.147757071151454387e-05
1.485999999999999988e+00 2.044697300688047103e-05
1.487999999999999989e+00 1.866258901509214820e-05
1.489999999999999991e+00 1.627351323476436472e-05
1.491999999999999993e+00 1.347456041944807473e-05
1.493999999999999995e+00 1.049007253526143900e-05
1.495999999999999996e+00 7.555694079633255115e-06
1.497999999999999998e+00 4.899563975401540138e-06
1.500000000000000000e+00 2.724394927369880691e-06
1.502000000000000002e+00 1.191820830953485223e-06
1.504000000000000004e+00 4.101978821347302785e-07
1.506000000000000005e+00 4.267616277669375286e-07
1.508000000000000007e+00 1.224693046328563102e-06
1.510000000000000009e+00 2.725259364691013246e-06
1.512000000000000011e+00 4.794799829473613750e-06
1.514000000000000012e+00 7.255953492543525717e-06
1.516000000000000014e+00 9.902203630956143147e-06
1.518000000000000016e+00 1.251456590023682107e-05
1.520000000000000018e+00 1.487909291609502578e-05
1.522000000000000020e+00 1.680381755562778884e-05
1.524000000000000021e+00 1.813381369054922233e-05
1.526000000000000023e+00 1.876321096509997281e-05
1.528000000000000025e+00 1.864324659321396179e-05
1.530000000000000027e+00 1.778575235464628846e-05
1.532000000000000028e+00 1.626183434070505450e-05
1.534000000000000030e+00 1.419587869882182474e-05
1.536000000000000032e+00 1.175537976172108835e-05
1.538000000000000034e+00 9.137409751335730267e-06
1.540000000000000036e+00 6.552807145838884647e-06
1.542000000000000037e+00 4.209334249252527330e-06
1.544000000000000039e+00 2.295130461572893397e-06
1.546000000000000041e+00 9.637606464278316396e-07
1.548000000000000043e+00 3.220301664616209380e-07
1.550000000000000044e+00 4.215196652082890357e-07
1.552000000000000046e+00 1.254500540950672369e-06
1.554000000000000048e+00 2.754548963582290155e-06
1.556000000000000050e+00 4.801808821375039131e-06
1.558000000000000052e+00 7.232490599465830100e-06
1.560000000000000053e+00 9.851861992198932301e-06
1.562000000000000055e+00 1.244971263190570625e-05
1.564000000000000057e+00 1.481708079277399983e-05
1.566000000000000059e+00 1.676292932509556270e-05
1.568000000000000060e+00 1.812945919316794155e-05
1.570000000000000062e+00 1.880485183223717168e-05
1.572000000000000064e+00 1.873242833110960772e-05
1.574000000000000066e+00 1.791548924014839739e-05
1.576000000000000068e+00 1.641743261504244818e-05
1.578000000000000069e+00 1.435711429322645702e-05
1.580000000000000071e+00 1.189978536617685756e-05
1.582000000000000073e+00 9.244288899984899648e-06
1.584000000000000075e+00 6.607494383575277997e-06
1.586000000000000076e+00 4.207171058562490836e-06
1.588000000000000078e+00 2.244632577783948455e-06
1.590000000000000080e+00 8.885145618523271494e-07
1.592000000000000082e+00 2.609705068860370900e-07
1.594000000000000083e+00 4.273951064949250144e-07
1.596000000000000085e+00 1.390520085268098399e-06
1.598000000000000087e+00 3.089395636286404565e-06
1.600000000000000089e+00 5.403395452343604663e-06
1.602000000000000091e+00 8.160993615909315816e-06
1.604000000000000092e+00 1.115268711790509084e-05
1.606000000000000094e+00 1.414710745469129893e-05
1.608000000000000096e+00 1.690910441991870937e-05
1.610000000000000098e+00 1.921841555568205663e-05
1.612000000000000099e+00 2.088746972465700639e-05
1.614000000000000101e+00 2.177691906283112539e-05
1.616000000000000103e+00 2.180764799667797305e-05
1.618000000000000105e+00 2.096826066928791582e-05
1.620000000000000107e+00 1.931738112616112287e-05
1.622000000000000108e+00 1.698048983368577922e-05
1.624000000000000110e+00 1.414143689499919991e-05
1.626000000000000112e+00 1.102918558291292259e-05
1.628000000000000114e+00 7.900718221654425637e-06
1.630000000000000115e+00 5.021350814838461387e-06
1.632000000000000117e+00 2.643928226648398965e-06
1.634000000000000119e+00 9.884894821185519021e-07
1.636000000000000121e+00 2.239918879416204004e-07
1.638000000000000123e+00 4.535609065936067747e-07
1.640000000000000124e+00 1.704496798926647667e-06
1.642000000000000126e+00 3.923934445644655749e-06
1.644000000000000128e+00 6.980642639794771765e-06
1.646000000000000130e+00 1.067299279225159021e-05
1.648000000000000131e+00 1.474265770283994792e-05
1.650000000000000133e+00 1.889315369014618788e-05
1.652000000000000135e+00 2.281194780465406555e-05
1.654000000000000137e+00 2.619454639513288797e-05
1.656000000000000139e+00 2.876878645713749807e-05
1.658000000000000140e+00 3.031748377874935826e-05
1.660000000000000142e+00 3.069765973025139372e-05
1.662000000000000144e+00 2.985476977603930028e-05
1.664000000000000146e+00 2.783067992391587503e-05
1.666000000000000147e+00 2.476456190810750237e-05
1.667999999999999927e+00 2.088637580548350996e-05
1.669999999999999929e+00 1.650314606082888889e-05
1.671999999999999931e+00 1.197877602499578362e-05
1.673999999999999932e+00 7.708648527952838096e-06
1.675999999999999934e+00 4.090688772895397678e-06
1.677999999999999936e+00 1.494888238101525768e-06
1.679999999999999938e+00 2.334782347584023278e-07
1.681999999999999940e+00 5.339818658602938403e-07
1.683999999999999941e+00 2.517256055587537164e-06
1.685999999999999943e+00 6.182364672203065191e-06
1.687999999999999945e+00 1.139971408671943162e-05
1.689999999999999947e+00 1.791335848910853877e-05
1.691999999999999948e+00 2.535277723149495423e-05
1.693999999999999950e+00 3.325378009069940907e-05
1.695999999999999952e+00 4.108755202528528006e-05
1.697999999999999954e+00 4.829625079135223048e-05
1.699999999999999956e+00 5.433306030735548029e-05
1.701999999999999957e+00 5.870421624172868490e-05
1.703999999999999959e+00 6.101028644753643337e-05
1.705999999999999961e+00 6.098392635168260631e-05
1.707999999999999963e+00 5.852144599724612407e-05
1.709999999999999964e+00 5.370581740770897182e-05
1.711999999999999966e+00 4.681920328703450423e-05
1.713999999999999968e+00 3.834367542253648543e-05
1.715999999999999970e+00 2.894947931138180052e-05
1.717999999999999972e+00 1.947094946549542065e-05
1.719999999999999973e+00 1.087094215172058160e-05
1.721999999999999975e+00 4.195381882443916225e-06
1.723999999999999977e+00 5.201688166635247133e-07
1.725999999999999979e+00 8.932243792329313110e-07
1.727999999999999980e+00 6.274826563932705618e-06
1.729999999999999982e+00 1.747957834395402274e-05
1.731999999999999984e+00 3.512334715757948014e-05
1.733999999999999986e+00 5.957830761756556656e-05
1.735999999999999988e+00 9.093882320751061092e-05
1.737999999999999989e+00 1.290003379327288020e-04
1.739999999999999991e+00 1.732527489062257308e-04
1.741999999999999993e+00 2.228889378299869252e-04
1.743999999999999995e+00 2.768283015408530643e-04
1.745999999999999996e+00 3.337542902953919625e-04
1.747999999999999998e+00 3.921641876282583295e-04
1.750000000000000000e+00 4.504286936666135202e-04
1.752000000000000002e+00 5.068583437901309167e-04
1.754000000000000004e+00 5.597734359752558515e-04
1.756000000000000005e+00 6.075739713132466630e-04
1.758000000000000007e+00 6.488061393099753748e-04
1.760000000000000009e+00 6.822220970135399031e-04
1.762000000000000011e+00 7.068301820984414490e-04
1.764000000000000012e+00 7.219332385307670932e-04
1.766000000000000014e+00 7.271533855924933957e-04
1.768000000000000016e+00 7.224422877864958119e-04
1.770000000000000018e+00 7.080767425781452160e-04
1.772000000000000020e+00 6.846401526675896477e-04
1.774000000000000021e+00 6.529911490031401313e-04
1.776000000000000023e+00 6.142212434326924878e-04
1.778000000000000025e+00 5.696038849186256959e-04
1.780000000000000027e+00 5.205376470373005359e-04
1.782000000000000028e+00 4.684864718898299461e-04
1.784000000000000030e+00 4.149199304790748962e-04
1.786000000000000032e+00 3.612563352826618892e-04
1.788000000000000034e+00 3.088112693827699240e-04
1.790000000000000036e+00 2.587536984746910298e-04
1.792000000000000037e+00 2.120713345557006168e-04
1.794000000000000039e+00 1.695463553382785423e-04
1.796000000000000041e+00 1.317419866019571117e-04
1.798000000000000043e+00 9.899986162499500397e-05
1.800000000000000044e+00 7.144751665953738681e-05
1.802000000000000046e+00 4.901489446188109033e-05
1.804000000000000048e+00 3.145833383793127357e-05
1.806000000000000050e+00 1.839023967324166013e-05
1.808000000000000052e+00 9.312464820561262729e-06
1.810000000000000053e+00 3.651394301109475904e-06
1.812000000000000055e+00 7.927976357343447981e-07
1.814000000000000057e+00 1.146940362089966110e-07
1.816000000000000059e+00 1.016739400567913705e-06
1.818000000000000060e+00 2.944971349435199502e-06
1.820000000000000062e+00 5.411114446754581683e-06
1.822000000000000064e+00 8.006027290015425932e-06
1.824000000000000066e+00 1.040724247000693823e-05
1.826000000000000068e+00 1.238088816819561779e-05
1.828000000000000069e+00 1.377856874953132145e-05
1.830000000000000071e+00 1.453000799701284177e-05
1.832000000000000073e+00 1.463241447703910727e-05
1.834000000000000075e+00 1.413761087335699889e-05
1.836000000000000076e+00 1.313797981631301667e-05
1.838000000000000078e+00 1.175222397165465030e-05
1.840000000000000080e+00 1.011182776981604567e-05
1.842000000000000082e+00 8.348954673665809643e-06
1.844000000000000083e+00 6.586331472464397429e-06
1.846000000000000085e+00 4.929474500474998521e-06
1.848000000000000087e+00 3.461416202262668009e-06
1.850000000000000089e+00 2.239907012347691737e-06
1.852000000000000091e+00 1.296907852635303008e-06
1.854000000000000092e+00 6.400607534412978728e-07
1.856000000000000094e+00 2.557342424348989652e-07
1.858000000000000096e+00 1.131882079398218636e-07
1.860000000000000098e+00 1.693889879139146570e-07
1.862000000000000099e+00 3.740259472538447462e-07
1.864000000000000101e+00 6.743302019254980743e-07
1.866000000000000103e+00 1.019367396562725947e-06
1.868000000000000105e+00 1.363561725106493349e-06
1.870000000000000107e+00 1.669299758907292586e-06
1.872000000000000108e+00 1.908552650034496480e-06
1.874000000000000110e+00 2.063537433480194803e-06
1.876000000000000112e+00 2.126507353752746515e-06
1.878000000000000114e+00 2.098813888326654134e-06
1.880000000000000115e+00 1.989417625428359222e-06
1.882000000000000117e+00 1.813041208983205592e-06
1.884000000000000119e+00 1.588156482007445418e-06
1.886000000000000121e+00 1.334982218736737828e-06
1.888000000000000123e+00 1.073641754356522978e-06
1.890000000000000124e+00 8.225951866288873158e-07
1.892000000000000126e+00 5.974225195850749233e-07
1.894000000000000128e+00 4.099957883602589540e-07
1.896000000000000130e+00 2.680429685430350756e-07
1.898000000000000131e+00 1.750767342272366402e-07
1.900000000000000133e+00 1.306384516267862522e-07
1.902000000000000135e+00 1.307928839387692602e-07
1.904000000000000137e+00 1.688018376233635968e-07
1.906000000000000139e+00 2.359046199974581518e-07
1.908000000000000140e+00 3.221384171338798303e-07
1.910000000000000142e+00 4.171409504393085494e-07
1.912000000000000144e+00 5.108893452561848473e-07
1.914000000000000146e+00 5.943414565787176864e-07
1.916000000000000147e+00 6.599576101593384389e-07
1.918000000000000149e+00 7.020908605553891324e-07
1.920000000000000151e+00 7.172418896910627411e-07
1.921999999999999931e+00 7.041804394816458574e-07
1.923999999999999932e+00 6.639389290484471951e-07
1.925999999999999934e+00 5.996861685261273828e-07
1.927999999999999936e+00 5.164905240596756776e-07
1.929999999999999938e+00 4.209832175507127890e-07
1.931999999999999940e+00 3.209342681056304875e-07
1.933999999999999941e+00 2.247563052401410658e-07
1.935999999999999943e+00 1.409552360909858602e-07
1.937999999999999945e+00 7.755135155937511232e-08
1.939999999999999947e+00 4.149943523361805574e-08
1.941999999999999948e+00 3.814107953858335766e-08
1.943999999999999950e+00 7.072585271634366468e-08
1.945999999999999952e+00 1.400393037789232809e-07
1.947999999999999954e+00 2.441742447336714954e-07
1.949999999999999956e+00 3.784767390359769976e-07
1.951999999999999957e+00 5.356895134052621540e-07
1.953999999999999959e+00 7.063032653060348072e-07
1.955999999999999961e+00 8.791111689262983338e-07
1.957999999999999963e+00 1.041944820139347388e-06
1.959999999999999964e+00 1.182552294270292946e-06
1.961999999999999966e+00 1.289562552243264482e-06
1.963999999999999968e+00 1.353466848596170650e-06
1.965999999999999970e+00 1.367538719258247416e-06
1.967999999999999972e+00 1.328610951934284215e-06
1.969999999999999973e+00 1.237631637810950940e-06
1.971999999999999975e+00 1.099932378804683815e-06
1.973999999999999977e+00 9.251597341099700710e-07
1.975999999999999979e+00 7.268450981048715523e-07
1.977999999999999980e+00 5.216168133412027794e-07
1.979999999999999982e+00 3.280892773729124948e-07
1.981999999999999984e+00 1.654945327630892396e-07
1.983999999999999986e+00 5.214956708379438674e-08
1.985999999999999988e+00 3.874565526594427038e-09
1.987999999999999989e+00 3.249121862590344190e-08
1.989999999999999991e+00 1.445339966148302214e-07
1.991999999999999993e+00 3.402999165700061197e-07
1.993999999999999995e+00 6.133435147295128434e-07
1.995999999999999996e+00 9.504942555759824699e-07
1.997999999999999998e+00 1.332435220097301226e-06
2.000000000000000000e+00 1.734837286394223789e-06
