6.337441009558723685e-03 1.194014925361672613e-01 3.938514678506931099e-02
6.573783475786024871e-03 1.110461513661073624e-01 2.496797666082470335e-02
6.820350642489475014e-03 1.030192983382118010e-01 2.075438494372985193e-02
7.077526014327008980e-03 9.533308827543911235e-02 1.628519270371176983e-02
7.345709596453821842e-03 8.799718615254306653e-02 1.701810613560470267e-02
7.625318515436823284e-03 8.101874051990633208e-02 1.375105481239917785e-02
7.916787667568505465e-03 7.440238862699460887e-02 9.770232147575172790e-03
8.220570397850682914e-03 6.815029359015553623e-02 9.705921910190118754e-03
8.537139203011983105e-03 6.226221337080391910e-02 7.273712745883061798e-03
8.866986465799590184e-03 5.673560018402764443e-02 4.819478195417016206e-03
9.210625223789665680e-03 5.156572832200597561e-02 4.163100934970726148e-03
9.568589964570427611e-03 4.674584779758353403e-02 3.793570309809057763e-03
9.941437456716138016e-03 4.226736023411670207e-02 3.140677939763613855e-03
1.032974762117597894e-02 3.812001302664742852e-02 2.733617716753390398e-03
1.073412442126914744e-02 3.429210764083793356e-02 2.403758043834733783e-03
1.115519682042570050e-02 3.077071688509644756e-02 1.923596924471138820e-03
1.159361974081843036e-02 2.754190711030053695e-02 1.666097875926982486e-03
1.205007509631582548e-02 2.459095996179594054e-02 1.475583872549668515e-03
1.252527284697700811e-02 2.190258974773264672e-02 1.251844104329660366e-03
1.301995210366187726e-02 1.946115210588754418e-02 1.058589646353643105e-03
1.353488227741357977e-02 1.725084046185709763e-02 9.508862791846880253e-04
1.407086427867448690e-02 1.525586727865965546e-02 8.690868705622066667e-04
1.462873176133543292e-02 1.346062779047168048e-02 7.248764481362749996e-04
1.520935242226427973e-02 1.184984452259484067e-02 6.195033320946966666e-04
1.581362933736494072e-02 1.040869167035365743e-02 5.764706161748126044e-04
1.644250239383663811e-02 9.122898841507760120e-03 5.176451580862733012e-04
1.709694971801060948e-02 7.978834656638456035e-03 4.940950633021124177e-04
1.777798922427756279e-02 6.963570656304422790e-03 4.236400928445794938e-04
1.848668017958067164e-02 6.064926922136720279e-03 4.110021712405653401e-04
1.922412487538448927e-02 5.271500739557163050e-03 3.491630654179754436e-04
1.999147030672219702e-02 4.572680171915587642e-03 2.941981093536735412e-04
2.078990998792395323e-02 3.958644258023486136e-03 2.782326089599057237e-04
2.114053430702917541e-02 3.720399636108344052e-03 3.551556309772727201e-04
2.197231750638892200e-02 3.219128138600113077e-03 2.301503750158723975e-04
2.283827590508828720e-02 2.779688317746820386e-03 1.724608426699633342e-04
2.373975639484555283e-02 2.395360405148771327e-03 1.324720785903878205e-04
2.467816111822769207e-02 2.060005282875901258e-03 1.074019462088062371e-04
2.565494964827711930e-02 1.768040953260069858e-03 9.940491736288789570e-05
2.667164125823202545e-02 1.514414611004796839e-03 8.028838842292463046e-05
2.772981728713192623e-02 1.294571626820111660e-03 6.509272367671963000e-05
2.883112359729867943e-02 1.104422585892322808e-03 5.555621470721915474e-05
2.997727313366009214e-02 9.403093515269230884e-04 4.767049712783266962e-05
3.117004859099850242e-02 7.989709626487584253e-04 3.805084455330214695e-05
3.241130518393468829e-02 6.775100209363065992e-04 3.360562870441152387e-05
3.370297353213384806e-02 5.733600797475231188e-04 2.862974808765855809e-05
3.504706266855177332e-02 4.842544229469666092e-04 2.487921357139494092e-05
3.644566315224449793e-02 4.081965134136446532e-04 2.007221905570198030e-05
3.790095033832100585e-02 3.434322925470080631e-04 1.705204508195532178e-05
3.941518774180566981e-02 2.884244413941555621e-04 1.450740712287930194e-05
4.099073057255515212e-02 2.418286418512834157e-04 1.335677066845177484e-05
4.263002939236209404e-02 2.024718326978903430e-04 1.078892051704877803e-05
4.433563392685722221e-02 1.693324117714541035e-04 9.991590051680689007e-06
4.611019703108022727e-02 1.415223082712951464e-04 7.750504850825619288e-06
4.795647881815976593e-02 1.182708281826745297e-04 7.514392502338832356e-06
4.987735095066129359e-02 9.891016254204610682e-05 6.484165426811441733e-06
5.187580110998533944e-02 8.286244041476678330e-05 5.446181929996235720e-06
5.395493762980538288e-02 6.962820584768448389e-05 4.964252307869203138e-06
5.611799435832253574e-02 5.877619819248532617e-05 4.417226064728407179e-06
5.836833565408716673e-02 4.993431984432582243e-05 4.226896570720351735e-06
5.851449225683535982e-02 4.941224756301310615e-05 6.789460231891321137e-06
6.084964158556121355e-02 4.239197357433518542e-05 5.363565277222552743e-06
6.327943494165370886e-02 3.675303120472088729e-05 4.545825441522329665e-06
6.580765157022100409e-02 3.226371912498154036e-05 3.701313866450183760e-06
6.843822380193186061e-02 2.872368320910520862e-05 3.564921642234052888e-06
7.117524316806812801e-02 2.595960414348881670e-05 2.824121124720740931e-06
7.402296676395658803e-02 2.382146485597035819e-05 2.354495944266957016e-06
7.698582387293273488e-02 2.217934746689024053e-05 2.265979913452882544e-06
8.006842285347159915e-02 2.092071488046853887e-05 2.143838167868526600e-06
8.327555830632608902e-02 1.994813700227451812e-05 1.797561479337409939e-06
8.661221853491644918e-02 1.917742558067178735e-05 1.607588346579671173e-06
9.008359330126215758e-02 1.853614444365173493e-05 1.459305810304837685e-06
9.369508189767621065e-02 1.796246307612722675e-05 1.362841026318852274e-06
9.745230155009691753e-02 1.740432071759815099e-05 1.213390073804370639e-06
1.013610961430367746e-01 1.681886512823462193e-05 1.144809595046559289e-06
1.054275453273254837e-01 1.617212463510135621e-05 1.032543374136693611e-06
1.096579739566809764e-01 1.543886401177111222e-05 9.717121559054448613e-07
1.140589619395023513e-01 1.460256430710068847e-05 8.859220634781612694e-07
1.186373544669902247e-01 1.365545460559495121e-05 8.217800147989381404e-07
1.234002726603540406e-01 1.259851093640002954e-05 7.501777813971334178e-07
1.283551246466261009e-01 1.144132599674300534e-05 6.969747484762805298e-07
1.335096170835745055e-01 1.020174554132795762e-05 6.225031399073238263e-07
1.388717671447950164e-01 8.905166513082985363e-06 5.837296012060915153e-07
1.444499149923083869e-01 7.583402107264776799e-06 5.484720494833903294e-07
1.502527367351569887e-01 6.273044016008915357e-06 5.162700619799118360e-07
1.562892579515701152e-01 5.013295527793907364e-06 4.706872015308584701e-07
1.625688676931971166e-01 3.843312861284166925e-06 4.457370282564782266e-07
1.691013331161030364e-01 2.799174727587976112e-06 4.165484783594283650e-07
1.758968146536800670e-01 1.910695982583154033e-06 4.011892043277293612e-07
1.829658818442784773e-01 1.198398309978223466e-06 3.951789718667377346e-07
1.903195297354913218e-01 6.710308467614272373e-07 3.828076763714869041e-07
1.979691960172095255e-01 3.240721807668468093e-07 3.779780814481156612e-07
2.059267788054625070e-01 1.396156355533608776e-07 3.846057648752086915e-07
2.142046550917333370e-01 8.791910622865275433e-08 3.879645512542266483e-07
2.228157001321937059e-01 1.306787379201762281e-07 4.075988241666618248e-07
2.317733073323398896e-01 2.257753917917777693e-07 4.229170062788229403e-07
2.410914091119108205e-01 3.328891585834361630e-07 4.473907849561494485e-07
2.507844986306096424e-01 4.190597014647582124e-07 4.772324385867260596e-07
2.608676522844922130e-01 4.630931566116643682e-07 4.633605542598149018e-07
2.713565531835117062e-01 4.577830708541070815e-07 4.759362410071210937e-07
2.822675155144750425e-01 4.092852978927502475e-07 4.728998094548753288e-07
2.936175098730332000e-01 3.336401158156771726e-07 4.612847596799903906e-07
3.054241898337234362e-01 2.512274201305597181e-07 4.755182585081689923e-07
3.177059191686030237e-01 1.806247152193662235e-07 4.912059515775099674e-07
3.304818005519318258e-01 1.336279866083266875e-07 5.065788913058306964e-07
