7.602939669756740050e-03 8.138546593993212230e-03 3.866321460429317323e-03
7.894031375345533438e-03 7.561008267758159533e-03 3.187044644376801038e-03
8.197448366778065793e-03 7.022681001221803276e-03 3.133995152353242532e-03
8.513664382662834360e-03 6.521225064769354228e-03 2.236656667027775089e-03
8.843173145690977691e-03 6.054392935680119776e-03 1.416023232647566554e-03
9.186489130896577371e-03 5.620033169283335586e-03 1.748723797345935792e-03
9.544148373307630162e-03 5.216092690521030410e-03 1.240328289165982785e-03
9.916709301352039790e-03 4.840617772591725154e-03 8.697429971069721389e-04
1.030475361003085205e-02 4.491753904710132569e-03 8.150314381662122128e-04
1.070888717123570991e-02 4.167744750636198300e-03 9.372748243678797166e-04
1.112974097303600328e-02 3.866930375683068615e-03 7.647879832144054623e-04
1.156797211348144748e-02 3.587744872096894182e-03 5.493274586293380194e-04
1.202426482464392064e-02 3.328713534145342611e-03 5.260939141252661978e-04
1.249933153422920669e-02 3.088449685653509285e-03 4.509210267761334088e-04
1.299391398142016318e-02 2.865651247145172692e-03 3.968956709999547916e-04
1.350878438267004260e-02 2.659097129438056650e-03 3.906838077231436458e-04
1.404474662642210894e-02 2.467643529677993140e-03 3.517219536155114152e-04
1.460263753088364598e-02 2.290220170788330890e-03 3.107563940870172281e-04
1.518332815536206984e-02 2.125826537924542514e-03 2.962267923119980394e-04
1.578772516588581448e-02 1.973528150172042771e-03 2.599523852145540831e-04
1.641677221932650102e-02 1.832452905654686701e-03 2.235617485085720417e-04
1.707145148003232082e-02 1.701787496619739000e-03 2.086381819722344310e-04
1.775278513041421077e-02 1.580773949278679912e-03 2.081210189889941557e-04
1.846183696648285438e-02 1.468706278268588688e-03 1.908830814197371990e-04
1.919971405655325133e-02 1.364927272761943394e-03 2.030989116091485734e-04
1.996756846896245025e-02 1.268825420458967023e-03 1.570194633035355055e-04
2.076659910300210354e-02 1.179831970462125049e-03 1.601098420366840259e-04
2.159805351585360536e-02 1.097418149906555663e-03 1.588994066916557730e-04
2.239139596259523066e-02 1.027137430346830669e-03 1.136819956402165241e-04
2.328428684980382232e-02 9.563308650524407310e-04 8.666309195325649884e-05
2.421417723372822420e-02 8.906499048369482911e-04 8.573455189390065921e-05
2.518254474158843417e-02 8.297231060363313921e-04 6.646974639914418213e-05
2.619092814226750207e-02 7.732029048879484950e-04 6.094054383240447278e-05
2.724092979230854222e-02 7.207643548329655675e-04 5.587815774039487255e-05
2.833421817886194391e-02 6.721038828871353206e-04 5.349869912808339646e-05
2.947253057565015974e-02 6.269380745367963926e-04 4.118058781470987980e-05
3.065767579766811440e-02 5.850024960684565428e-04 3.586756819371932959e-05
3.189153708221150602e-02 5.460505596572402202e-04 3.142345225852971933e-05
3.317607507562465169e-02 5.098524371428909876e-04 2.746079744523621260e-05
3.451333095318352695e-02 4.761940254053141251e-04 2.668476415399974512e-05
3.590542965677464421e-02 4.448759667994842321e-04 2.268768630344898552e-05
3.735458328020524466e-02 4.157127260282495037e-04 2.073704131484666998e-05
3.886309457517062721e-02 3.885317256594164105e-04 1.870084961005319952e-05
4.043336062009301318e-02 3.631725403895126906e-04 1.671522009456382230e-05
4.206787661523271604e-02 3.394861514171040157e-04 1.550123654284788646e-05
4.376923986562503838e-02 3.173342601785543275e-04 1.368325909851861159e-05
4.554015388916302781e-02 2.965886624637669214e-04 1.306019667191182780e-05
4.738343273136048917e-02 2.771306814800760356e-04 1.133569076650284991e-05
4.930200542226235993e-02 2.588506602077366011e-04 1.050778386338086245e-05
5.129892063873876112e-02 2.416475114032439159e-04 9.619954121890806047e-06
5.337735154799497922e-02 2.254283243131498596e-04 9.102824726598979796e-06
5.554060084163835176e-02 2.101080261990937587e-04 8.141315061950665506e-06
5.779210599309961977e-02 1.956090960177715775e-04 7.602482775411515222e-06
6.013544472508852712e-02 1.818613271526678702e-04 7.469522463818825983e-06
6.207097986613946405e-02 1.713901910820542294e-04 9.795375294624418088e-06
6.457749361362448426e-02 1.588929195669038744e-04 8.393033235090231360e-06
6.718662311864422032e-02 1.469787744743994895e-04 7.255743383282125687e-06
6.990251437723202232e-02 1.356052277568899945e-04 6.087803581234987843e-06
7.272948303340386056e-02 1.247361723671654556e-04 5.221740294796365308e-06
7.567202123772569233e-02 1.143418713320552903e-04 4.671688560340117289e-06
7.873480478227098955e-02 1.043988877000579776e-04 4.164583353780268090e-06
8.192270053530026352e-02 9.488997793876728453e-05 3.577717600855519754e-06
8.524077416902534066e-02 8.580392875861641948e-05 3.056343934255013020e-06
8.869429821588943608e-02 7.713531480490084223e-05 2.741778986375493046e-06
9.228876044104745990e-02 6.888415303460206670e-05 2.451078730690800527e-06
9.602987256695878771e-02 6.105542871617454417e-05 2.145910631070451743e-06
9.992357934371454142e-02 5.365846890836100622e-05 1.949405434316731391e-06
1.039760680041362517e-01 4.670614210057694101e-05 1.688534058392590768e-06
1.081937780864046239e-01 4.021386851523622722e-05 1.447276116850614063e-06
1.125834116763712867e-01 3.419843453415993627e-05 1.258484305809923828e-06
1.171519440435144638e-01 2.867661787465844810e-05 1.116937774483465515e-06
1.219066347428121311e-01 2.366364724141531683e-05 9.579168525237074546e-07
1.268550391313522374e-01 1.917154172429967211e-05 8.532595592152008901e-07
1.320050203927835009e-01 1.520739980287442959e-05 7.528746273544773529e-07
1.373647620175180717e-01 1.177173460388624860e-05 6.575765740964677378e-07
1.429427808145202483e-01 8.856977790026793532e-06 6.068373934239352975e-07
1.487479404438658559e-01 6.446295905089989079e-06 5.442045120605591218e-07
1.547894654932168435e-01 4.512874943058456153e-06 4.945139886438483909e-07
1.610769561453097021e-01 3.019825836059091128e-06 4.596148131432751596e-07
1.676204034381494623e-01 1.920839661548599604e-06 4.254714570044282903e-07
1.744302051199516645e-01 1.161671824483238118e-06 4.072378096054314423e-07
1.815171821989278456e-01 6.824571630321791689e-07 3.939943449811393638e-07
1.888925961242022833e-01 4.207552569984686874e-07 3.871808503979162955e-07
1.965681666484500045e-01 3.151058512387838337e-07 3.907434973243972042e-07
2.045560905340654823e-01 3.087547279606554853e-07 3.965828119192460539e-07
2.128690608457675937e-01 3.531143121732329961e-07 3.970829762519029946e-07
2.215202871758228109e-01 4.104793747054158802e-07 3.942462399911711563e-07
2.305235166065391639e-01 4.555542254214274783e-07 4.054856697696815006e-07
2.398930555603122627e-01 4.754820745425717448e-07 4.351889036804480485e-07
2.496437925676930902e-01 4.682984568202650009e-07 4.505808484152062410e-07
2.597912218690657249e-01 4.400288536228025459e-07 4.395173323479496112e-07
2.703514680804182668e-01 4.009545418763998528e-07 4.480582618650194750e-07
2.813413117160458166e-01 3.617953510341645387e-07 4.490032533040608515e-07
2.927782160601152261e-01 3.306167073153913392e-07 4.540653931170698061e-07
3.046803547382214150e-01 3.111057337461487466e-07 4.680846199138591020e-07
3.170666406242654278e-01 3.024878893253879941e-07 4.597374000168347312e-07
3.299567559769659431e-01 3.008673730212910399e-07 5.141405850698031659e-07
