5.711815791192571823e-03 1.022262806936761415e+00 2.116279235962558736e-01
5.869060264555512642e-03 1.022262806936761637e+00 2.387406319199837090e-01
6.031526975491024491e-03 1.022262806936761637e+00 1.889675459460773976e-01
6.199360485702551209e-03 1.022262806936761637e+00 2.278712820683218843e-01
6.372710132190310961e-03 1.022262806936762081e+00 1.999432192402663122e-01
6.551730160002628735e-03 1.022262806936761637e+00 1.271787422986628002e-01
6.736579860107638242e-03 1.022262806936761637e+00 1.647159787663697306e-01
6.927423710358888292e-03 1.022262806936761637e+00 9.734193446297964569e-02
7.124431522000393945e-03 1.022262806936761859e+00 8.868146411333746593e-02
7.327778591063923569e-03 1.022262806936761637e+00 8.031053727803671993e-02
7.537645854553545917e-03 1.022262806936761415e+00 6.676763269919357147e-02
7.754220049801800740e-03 1.022262806936761637e+00 5.905425764660308247e-02
7.977693883910978376e-03 1.022262806936761192e+00 4.982252357716848018e-02
8.208266200914089705e-03 1.022262806936761192e+00 4.825873129636105985e-02
8.446142163615662918e-03 1.022262806936761192e+00 3.953845098245434980e-02
8.691533430695428525e-03 1.022262806936761637e+00 3.360114775941781123e-02
8.944658350634820954e-03 1.022262806936763191e+00 2.914491019881761819e-02
9.205742150417448727e-03 1.022262806936762525e+00 2.699610485439111335e-02
9.475017141284144614e-03 1.022262806936761637e+00 2.487153899710247557e-02
9.752722922412365367e-03 1.022262806936761415e+00 2.417863671696548686e-02
1.003910659273715700e-02 1.022262806936761859e+00 2.066656254194996004e-02
1.033442297448220262e-02 1.022262806936762081e+00 1.957367583032362801e-02
1.063893483834866746e-02 1.022262806936762081e+00 1.900395726622097423e-02
1.095291313611663521e-02 1.022262806936762081e+00 1.765570712669200029e-02
1.127663724209454314e-02 1.022262806936761637e+00 1.614300014758438331e-02
1.161039520591545388e-02 1.022262806936761637e+00 1.493616191432414579e-02
1.195448399882711489e-02 1.022262806936761637e+00 1.406215553467909420e-02
1.230920979334547936e-02 1.022262806936761637e+00 1.329835316993991864e-02
1.267488821773823764e-02 1.022262806936761637e+00 1.240666779846004951e-02
1.305184464730153870e-02 1.022262806936761637e+00 1.137704619763544797e-02
1.344041450041261708e-02 1.022172662860075132e+00 1.093448170259686721e-02
1.384094351675498914e-02 1.013413195700275882e+00 1.037663770604422761e-02
1.425378809149900963e-02 8.607592206137190116e-01 9.190470317951246124e-03
1.467931556327307756e-02 5.443401321420884287e-01 6.391395791358646383e-03
1.511790456935470893e-02 3.185230123667155411e-01 4.207793345623989968e-03
1.556994535743362086e-02 2.138087873876521328e-01 3.235235094955871658e-03
1.603584015263100071e-02 1.578685911326518365e-01 2.667657736559861208e-03
1.651600349964802913e-02 1.215769050920674221e-01 2.301813043442822032e-03
1.701086264747306287e-02 9.609007175476136364e-02 1.908816449215270262e-03
1.752085791992035249e-02 7.734824109428919958e-02 1.696478538646711831e-03
1.804644309931227250e-02 6.312764148271914066e-02 1.492635364840968386e-03
1.858808585301108957e-02 5.208640664216097199e-02 1.356832601669510962e-03
1.895913332677533550e-02 4.605126543715697129e-02 5.119011250445427985e-03
1.951748047444791176e-02 3.866255642295743367e-02 2.746191486416252152e-03
2.009319410178957155e-02 3.266355402220211257e-02 2.279790110459773995e-03
2.068678647470087104e-02 2.774607989533833460e-02 1.944893793825892879e-03
2.129878576735317816e-02 2.368252088069115746e-02 1.794134037667877895e-03
2.192973653203042841e-02 2.030138796961785189e-02 1.184819353404163072e-03
2.258020018429660047e-02 1.747129074491012707e-02 9.033839235096873498e-04
2.325075550177226058e-02 1.509010736220544463e-02 5.998483194668846347e-04
2.394199913928321544e-02 1.307747533490545913e-02 6.143413445805171336e-04
2.465454616006258065e-02 1.136946851209566858e-02 4.375183783484314906e-04
2.538903058323904380e-02 9.914750473385873855e-03 3.886375868504237784e-04
2.614610594634480742e-02 8.671747448438666891e-03 3.232231508250675285e-04
2.692644589011285519e-02 7.606539189476371927e-03 2.750741303048068100e-04
2.773074475357223401e-02 6.691264338767959584e-03 2.307788751327158111e-04
2.855971819677623896e-02 5.902900240831711332e-03 2.000212239551196281e-04
2.941410383214601229e-02 5.222319157994732321e-03 1.642807608539496064e-04
3.029466188638571880e-02 4.633551082786669523e-03 1.485513747187575096e-04
3.120217587134524115e-02 4.123202794946561126e-03 1.207890291585630408e-04
3.213745328653175304e-02 3.679996301863751925e-03 1.069795692797335354e-04
3.310132633458909984e-02 3.294399405375412863e-03 9.355893718272905997e-05
3.409465266041392800e-02 2.958327977640040282e-03 8.450208930663427034e-05
3.511831611794510866e-02 2.664904516988002812e-03 7.611250956883252932e-05
3.617322755506108267e-02 2.408261213177945431e-03 6.697317268269832450e-05
3.726032562283629335e-02 2.183378455717606588e-03 6.084460222096596164e-05
3.838057761110440919e-02 1.985951752215656639e-03 5.391564496450717046e-05
3.953498031335519330e-02 1.812281558076906307e-03 4.807757731114374215e-05
4.072456090366317893e-02 1.659181690858459873e-03 4.359748410262493317e-05
4.195037786606443247e-02 1.523902892267899045e-03 4.105182061253497282e-05
4.321352191844766294e-02 1.404068810303298054e-03 3.546561264254022115e-05
4.451511699349579992e-02 1.297622199099914735e-03 3.354859762794451891e-05
4.585632124528628978e-02 1.202779572193530796e-03 3.016306165191617964e-05
4.723832805958740749e-02 1.117992875839693033e-03 2.801666046318919585e-05
4.866236714225775917e-02 1.041917009276006239e-03 2.680048310600374284e-05
5.012970558429302032e-02 9.733822433499390078e-04 2.391599917255476018e-05
5.164164901759898951e-02 9.113707451272039673e-04 2.225347216230239846e-05
5.236152727817478675e-02 8.843363623544010397e-04 7.405703037334751310e-05
5.393126113684055395e-02 8.306571077585076825e-04 5.337255377098610155e-05
5.554898254907154193e-02 7.814479496191838528e-04 4.182955912841024017e-05
5.721613095196006332e-02 7.360962482262455421e-04 4.027080219710741239e-05
5.893418976210484939e-02 6.940684782267328955e-04 3.097443903445664922e-05
6.070468769543081733e-02 6.549008927787371495e-04 2.885888149288065607e-05
6.252920012806492678e-02 6.181914793617459668e-04 2.362367182040976947e-05
6.440935049733764739e-02 5.835930235910109613e-04 2.138953375012792884e-05
6.634681174646861468e-02 5.508071228375867280e-04 1.854891169351370213e-05
6.834330781344792605e-02 5.195790126811114171e-04 1.736318139836332008e-05
7.040061516519802165e-02 4.896930866927365691e-04 1.412955647395357971e-05
7.252056437663283173e-02 4.609690045136080583e-04 1.252325375640247743e-05
7.470504176276974995e-02 4.332582950105154243e-04 1.164096808996045551e-05
7.695599105286926589e-02 4.064413714142899557e-04 1.023783839557293742e-05
7.927541512485154762e-02 3.804248831247458869e-04 9.187181501958845129e-06
8.166537778201471420e-02 3.551393361745330108e-04 8.623282478609548048e-06
8.412800559497242425e-02 3.305369196733416942e-04 7.510504515822952535e-06
8.666548978829655137e-02 3.065894811812165774e-04 6.637319898667230655e-06
8.928008819558855280e-02 2.832865981943701213e-04 6.100010422283245219e-06
9.197412726546520811e-02 2.606336979672848491e-04 5.546331888610478034e-06
9.475000413024867174e-02 2.386501823817055229e-04 5.022432169414955182e-06
9.761018874257144928e-02 2.173675199302093405e-04 4.537590198510574301e-06
1.005572260715775074e-01 1.968272730145865558e-04 4.082652316732820855e-06
1.035937383662114408e-01 1.770790356814141119e-04 3.662635912545838328e-06
1.067224274888338570e-01 1.581782652905637434e-04 3.176035823594677049e-06
1.099460773235166056e-01 1.401840013908107910e-04 2.832352970783015945e-06
1.132675562431383065e-01 1.231564765228161044e-04 2.524196020276594241e-06
1.166898196770040225e-01 1.071546362407071302e-04 2.233037433715842150e-06
1.202159127226721802e-01 9.223360047270321338e-05 1.959769505474083159e-06
1.238489728658598299e-01 7.844211305641570235e-05 1.726904873749219204e-06
1.275922327786685184e-01 6.582004264263266024e-05 1.524291667746326776e-06
1.314490231758254080e-01 5.439601353373569518e-05 1.323229788423371363e-06
1.354227758047887586e-01 4.418525879417041085e-05 1.159683854481525283e-06
1.395170264702329521e-01 3.518779979498549607e-05 1.004177286168206805e-06
1.437354182084272236e-01 2.738706247478180458e-05 8.651874348956338345e-07
1.480817045037122470e-01 2.074904175723059843e-05 7.403254245491520363e-07
1.525597526480388100e-01 1.522211749163092725e-05 6.152644558228180544e-07
1.571735471663529005e-01 1.073760835573273372e-05 5.343791262247966189e-07
1.619271933777929606e-01 7.211121548438864822e-06 4.458709199774695162e-07
1.668249210389750881e-01 4.544716388540721721e-06 3.756774157745231480e-07
1.718710880995057144e-01 2.629848911439006881e-06 3.271990285270581909e-07
1.770701846023390869e-01 1.351004678838135809e-06 2.964017799985968689e-07
1.824268366543841668e-01 5.898618018765703469e-07 2.398925965963171305e-07
1.879458105678374347e-01 2.297611159624790203e-07 2.313560608922153024e-07
1.936320170758964454e-01 1.602031239499217926e-07 2.463205770138810436e-07
1.994905157131599271e-01 2.810502123072483573e-07 2.547033078100260278e-07
2.055265193221750275e-01 5.060971533438765909e-07 2.500653442096033453e-07
2.117453986941963406e-01 7.656913777605779767e-07 2.672786335193611231e-07
2.181526873178324388e-01 1.008142966446547021e-06 2.630448227108719511e-07
2.247540863797514998e-01 1.199764302638569278e-06 2.468644209990416597e-07
2.315554697041412313e-01 1.323516053900377188e-06 2.563622117869003585e-07
2.385628891484670722e-01 1.376397279860184662e-06 2.466191022434670665e-07
2.457825798165716447e-01 1.365882595279089298e-06 2.719628210387852389e-07
2.532209657636901867e-01 1.305851874624169664e-06 2.879282867455904164e-07
2.608846655885008192e-01 1.212548279520238470e-06 2.621786363221229880e-07
2.687804983674175752e-01 1.101111737396283351e-06 2.288703048571468399e-07
2.769154897480579636e-01 9.831505745727690027e-07 2.488769206088580160e-07
2.852968782021698679e-01 8.656343187375583820e-07 2.458873435181547074e-07
2.939321214217748279e-01 7.511387302239829210e-07 2.372180163530936305e-07
3.028289029534245724e-01 6.391961261835436575e-07 2.285263469311233893e-07
3.119951391033767840e-01 5.282634205958226274e-07 2.163167603958786557e-07
3.214389858540593892e-01 4.176839807253517444e-07 2.536150830181041860e-07
3.311688462607646488e-01 3.090384522400140543e-07 2.621059811276898348e-07
3.411933779846939574e-01 2.064687183585737464e-07 2.677089550069876785e-07
3.515215006417680144e-01 1.158817769350886393e-07 2.592982129622579343e-07
3.621624041892707035e-01 4.330930666784113458e-08 2.930301827618724624e-07
3.731255568256801602e-01 -7.004372287665114746e-09 3.005133074791142481e-07
3.844207132959543971e-01 -3.410013422956067633e-08 3.467008351792402308e-07
3.960579241669874850e-01 -4.083150206518422582e-08 3.650166756738369750e-07
