2.000000000000000042e-03 1.000000000000000666e+00
4.000000000000000083e-03 1.000000000000000000e+00
6.000000000000000125e-03 1.000000000000000222e+00
8.000000000000000167e-03 1.000000000000000222e+00
1.000000000000000021e-02 9.999999999999998890e-01
1.200000000000000025e-02 1.000000000000000222e+00
1.399999999999999856e-02 9.999999999999997780e-01
1.600000000000000033e-02 1.000000000000000000e+00
1.800000000000000211e-02 1.000000000000000444e+00
2.000000000000000389e-02 1.000000000000000000e+00
2.199999999999999872e-02 1.000000000000000222e+00
2.400000000000000050e-02 1.000000000000000222e+00
2.600000000000000228e-02 1.000000000000000000e+00
2.800000000000000405e-02 9.999999999999996669e-01
2.999999999999999542e-02 9.999999999999998890e-01
3.200000000000000067e-02 1.000000000000000222e+00
3.400000000000000244e-02 9.999999999999997780e-01
3.600000000000000422e-02 9.999999999999996669e-01
3.800000000000000600e-02 1.000000000000000222e+00
4.000000000000000083e-02 1.000000000000000222e+00
4.200000000000000261e-02 9.999999999999997780e-01
4.400000000000000439e-02 1.000000000000000000e+00
4.599999999999999922e-02 9.999999999999997780e-01
4.800000000000000100e-02 1.000000000000000222e+00
5.000000000000000278e-02 1.000000000000000000e+00
5.200000000000000455e-02 9.999999999999997780e-01
5.400000000000000633e-02 9.999999999999998890e-01
5.599999999999999423e-02 1.000000000000000444e+00
5.800000000000000294e-02 1.000000000000000222e+00
6.000000000000000472e-02 1.000000000000000000e+00
6.199999999999999956e-02 9.999999999999998890e-01
6.400000000000000133e-02 9.999999999999997780e-01
6.600000000000000311e-02 9.999999999999997780e-01
6.800000000000000488e-02 1.000000000000000444e+00
7.000000000000000666e-02 9.999999999999997780e-01
7.200000000000000844e-02 9.999995364158608124e-01
7.400000000000001021e-02 9.999985455503735965e-01
7.599999999999999811e-02 9.999975356696090278e-01
7.799999999999999989e-02 9.999962614263299132e-01
8.000000000000000167e-02 9.999945750666520139e-01
8.200000000000000344e-02 9.999922959153781932e-01
8.400000000000000522e-02 9.999891750426512793e-01
8.600000000000000699e-02 9.999848568658948889e-01
8.800000000000000877e-02 9.999788238837558074e-01
8.999999999999999667e-02 9.999703119126350792e-01
9.199999999999999845e-02 9.999581766554239692e-01
9.400000000000000022e-02 9.999406795486004418e-01
9.600000000000000200e-02 9.999151374584864804e-01
9.800000000000000377e-02 9.998773379147938289e-01
1.000000000000000056e-01 9.998205409519156373e-01
1.020000000000000073e-01 9.997337325714060752e-01
1.040000000000000091e-01 9.995984825882107128e-01
1.060000000000000109e-01 9.993831110548887509e-01
1.079999999999999988e-01 9.990314619951589092e-01
1.100000000000000006e-01 9.984403862547819308e-01
1.119999999999999885e-01 9.974123463784021482e-01
1.140000000000000041e-01 9.955498313226948115e-01
1.160000000000000059e-01 9.920037392383924679e-01
1.180000000000000077e-01 9.848236783335526656e-01
1.200000000000000094e-01 9.691155214115964034e-01
1.219999999999999973e-01 9.312711030986994265e-01
1.239999999999999991e-01 8.299421294431041929e-01
1.260000000000000009e-01 5.528543818390310172e-01
1.280000000000000027e-01 9.761061636713949663e-02
1.300000000000000044e-01 5.368652413307448135e-02
1.320000000000000062e-01 2.447496568671037320e-01
1.340000000000000080e-01 3.606511778477214381e-01
1.360000000000000098e-01 3.986481819348253186e-01
1.380000000000000115e-01 3.839949133221297606e-01
1.400000000000000133e-01 3.310002377620652192e-01
1.420000000000000151e-01 2.502583873354644606e-01
1.440000000000000169e-01 1.564444361948152118e-01
1.460000000000000187e-01 7.129250994583427592e-02
1.479999999999999927e-01 1.710057219788920641e-02
1.499999999999999944e-01 3.822707312069263067e-03
1.519999999999999962e-01 2.392101850024941009e-02
1.539999999999999980e-01 6.064827483355721138e-02
1.559999999999999998e-01 9.879310484090436661e-02
1.580000000000000016e-01 1.290638388489448452e-01
1.600000000000000033e-01 1.473760334421728158e-01
1.620000000000000051e-01 1.528623024145134013e-01
1.640000000000000069e-01 1.464119998033611147e-01
1.660000000000000087e-01 1.299571042534091447e-01
1.680000000000000104e-01 1.062219652865675767e-01
1.700000000000000122e-01 7.861468158202941647e-02
1.720000000000000140e-01 5.100191245337529211e-02
1.740000000000000158e-01 2.722258283644937715e-02
1.760000000000000175e-01 1.038302522061364426e-02
1.779999999999999916e-01 2.183034541723026609e-03
1.799999999999999933e-01 2.595773110880894314e-03
1.819999999999999951e-01 1.006407904147628082e-02
1.839999999999999969e-01 2.209254441513093525e-02
1.859999999999999987e-01 3.594084773346323952e-02
1.880000000000000004e-01 4.916363451622005054e-02
1.900000000000000022e-01 5.990089160765661030e-02
1.920000000000000040e-01 6.695713642648083719e-02
1.940000000000000058e-01 6.975849497652447662e-02
1.960000000000000075e-01 6.826461094878268077e-02
1.980000000000000093e-01 6.287789186290448917e-02
2.000000000000000111e-01 5.436138191231172645e-02
2.020000000000000129e-01 4.375707195919040227e-02
2.040000000000000147e-01 3.228926115663004887e-02
2.060000000000000164e-01 2.124145607631400604e-02
2.080000000000000182e-01 1.180820273872146275e-02
2.100000000000000200e-01 4.940539578377725789e-03
2.119999999999999940e-01 1.217318423171511940e-03
2.139999999999999958e-01 7.758606047979615646e-04
2.159999999999999976e-01 3.321106211035928634e-03
2.179999999999999993e-01 8.208546160687075349e-03
2.200000000000000011e-01 1.457483482640172315e-02
2.220000000000000029e-01 2.148098690691817303e-02
2.239999999999999769e-01 2.803814505166907570e-02
2.259999999999999787e-01 3.349922879653546848e-02
2.280000000000000082e-01 3.731345488887615608e-02
2.300000000000000100e-01 3.914963240845740350e-02
2.320000000000000118e-01 3.889719904234642534e-02
2.340000000000000135e-01 3.665274396916927413e-02
2.360000000000000153e-01 3.269658281888877804e-02
2.380000000000000171e-01 2.746076150078987504e-02
2.400000000000000189e-01 2.148793135189691270e-02
2.419999999999999929e-01 1.538048986467116519e-02
2.439999999999999947e-01 9.741261579800642584e-03
2.459999999999999964e-01 5.110196530988715680e-03
2.479999999999999982e-01 1.904836513039482454e-03
2.500000000000000000e-01 3.740569125133520962e-04
2.520000000000000018e-01 5.735919738529127307e-04
2.540000000000000036e-01 2.367940379560917654e-03
2.560000000000000053e-01 5.457630382257894382e-03
2.580000000000000071e-01 9.425546052750711709e-03
2.600000000000000089e-01 1.379291559470765226e-02
2.620000000000000107e-01 1.807537739852857483e-02
2.640000000000000124e-01 2.183172984304131148e-02
2.660000000000000142e-01 2.470123927975332451e-02
2.680000000000000160e-01 2.642842236032326431e-02
2.700000000000000178e-01 2.687623529114477675e-02
2.720000000000000195e-01 2.602941245192332692e-02
2.740000000000000213e-01 2.398956792702274660e-02
2.760000000000000231e-01 2.096307640564611108e-02
2.780000000000000249e-01 1.724216657564502098e-02
2.800000000000000266e-01 1.317946980888774246e-02
2.820000000000000284e-01 9.156679091200102191e-03
2.840000000000000302e-01 5.548975612151485146e-03
2.860000000000000320e-01 2.688211034578254135e-03
2.880000000000000338e-01 8.290160434374105889e-04
2.900000000000000355e-01 1.224909378122492727e-04
2.919999999999999818e-01 6.015258585852530223e-04
2.939999999999999836e-01 2.180073226363864105e-03
2.959999999999999853e-01 4.666273051733746055e-03
2.979999999999999871e-01 7.786929455551178970e-03
2.999999999999999889e-01 1.121915781226093256e-02
3.019999999999999907e-01 1.462446078249464258e-02
3.039999999999999925e-01 1.768100818744883923e-02
3.059999999999999942e-01 2.011110663362471879e-02
3.079999999999999960e-01 2.170224200280767776e-02
3.099999999999999978e-01 2.232123905857684443e-02
3.119999999999999996e-01 2.192178763099592378e-02
3.140000000000000013e-01 2.054582208310270358e-02
3.160000000000000031e-01 1.831914904985541825e-02
3.180000000000000049e-01 1.544151039954248447e-02
3.200000000000000067e-01 1.217116382814627251e-02
3.220000000000000084e-01 8.804234946932177827e-03
3.240000000000000102e-01 5.649620666357087727e-03
3.260000000000000120e-01 3.001049319613709621e-03
3.280000000000000138e-01 1.108826492314410848e-03
3.300000000000000155e-01 1.545030574377457568e-04
3.320000000000000173e-01 2.318652350801954528e-04
3.340000000000000191e-01 1.337061342912470837e-03
3.360000000000000209e-01 3.369382812741368322e-03
3.380000000000000226e-01 6.142508924567885442e-03
3.400000000000000244e-01 9.404369890193057385e-03
3.420000000000000262e-01 1.286262453316055349e-02
3.440000000000000280e-01 1.621233593769203993e-02
3.460000000000000298e-01 1.916274194998479272e-02
3.480000000000000315e-01 2.146081886377883274e-02
3.500000000000000333e-01 2.291029460440852789e-02
3.520000000000000351e-01 2.338558870749459992e-02
3.539999999999999813e-01 2.284066543882322040e-02
3.559999999999999831e-01 2.131294636040412249e-02
3.579999999999999849e-01 1.892231609591333089e-02
3.599999999999999867e-01 1.586501986709204851e-02
3.619999999999999885e-01 1.240207679167586521e-02
3.639999999999999902e-01 8.841896664564599662e-03
3.659999999999999920e-01 5.517218678380429904e-03
3.679999999999999938e-01 2.757316336706787559e-03
3.699999999999999956e-01 8.575141238184428878e-04
3.719999999999999973e-01 4.915857987093635574e-05
3.739999999999999991e-01 4.738942091285486659e-04
3.760000000000000009e-01 2.166054336491148903e-03
3.780000000000000027e-01 5.046024587541782236e-03
3.800000000000000044e-01 8.925720806420752926e-03
3.820000000000000062e-01 1.352529147939477219e-02
3.840000000000000080e-01 1.849838913255900941e-02
3.860000000000000098e-01 2.346233574395453075e-02
3.880000000000000115e-01 2.802942802536905267e-02
3.900000000000000133e-01 3.183635741844658557e-02
3.920000000000000151e-01 3.456989975974693319e-02
3.940000000000000169e-01 3.598824565323519020e-02
3.960000000000000187e-01 3.593826037018625630e-02
3.980000000000000204e-01 3.436939279770376970e-02
4.000000000000000222e-01 3.134484682658696814e-02
4.020000000000000240e-01 2.705003720456854860e-02
4.040000000000000258e-01 2.179739913924654340e-02
4.060000000000000275e-01 1.602550409024604272e-02
4.080000000000000293e-01 1.028945127924265485e-02
4.100000000000000311e-01 5.239075179133918791e-03
4.120000000000000329e-01 1.582133552152798633e-03
4.140000000000000346e-01 3.173734145987199240e-05
4.160000000000000364e-01 1.240897836778445933e-03
4.180000000000000382e-01 5.731552731909196445e-03
4.199999999999999845e-01 1.382935544257670422e-02
4.219999999999999862e-01 2.561702892299328946e-02
4.239999999999999880e-01 4.091683203665055085e-02
4.259999999999999898e-01 5.930673558145632684e-02
4.279999999999999916e-01 8.016708264148361684e-02
4.299999999999999933e-01 1.027476506400652190e-01
4.319999999999999951e-01 1.262415476594229147e-01
4.339999999999999969e-01 1.498530595802464171e-01
4.359999999999999987e-01 1.728504409328217029e-01
4.380000000000000004e-01 1.945997648672777858e-01
4.400000000000000022e-01 2.145804853299500825e-01
4.420000000000000040e-01 2.323862907706185366e-01
4.440000000000000058e-01 2.477159999608139762e-01
4.460000000000000075e-01 2.603590922567127208e-01
4.479999999999999538e-01 2.701795761109754279e-01
4.500000000000000111e-01 2.771007899291015319e-01
4.519999999999999574e-01 2.810927140570288474e-01
4.540000000000000147e-01 2.821625877509331692e-01
4.560000000000000164e-01 2.803490828843200333e-01
4.580000000000000737e-01 2.757199364316610390e-01
4.600000000000000200e-01 2.683727137670359753e-01
4.620000000000000773e-01 2.584381948665244177e-01
4.640000000000000235e-01 2.460856909922339852e-01
4.660000000000000808e-01 2.315293782327863814e-01
4.680000000000000271e-01 2.150344734986572859e-01
4.700000000000000844e-01 1.969218109161896824e-01
4.720000000000000306e-01 1.775691756161200952e-01
4.739999999999999769e-01 1.574077273266965005e-01
4.760000000000000342e-01 1.369121223790881192e-01
4.779999999999999805e-01 1.165836174839584571e-01
4.800000000000000377e-01 9.692652045697017216e-02
4.819999999999999840e-01 7.841970882826088118e-02
4.839999999999999858e-01 6.148627460598302119e-02
4.860000000000000431e-01 4.646528003832896964e-02
4.879999999999999893e-01 3.358976411492834574e-02
4.900000000000000466e-01 2.297435586116869724e-02
4.919999999999999929e-01 1.461425988442711238e-02
4.940000000000000502e-01 8.395394439823263347e-03
4.959999999999999964e-01 4.113623513768035339e-03
4.980000000000000537e-01 1.499792807621796922e-03
5.000000000000000000e-01 2.468762973985272856e-04
5.020000000000000018e-01 3.590696074170049461e-05
5.040000000000000036e-01 5.582431514148035890e-04
5.060000000000000053e-01 1.532785414452214785e-03
5.080000000000000071e-01 2.717733526263492374e-03
5.100000000000000089e-01 3.917199831167243219e-03
5.120000000000000107e-01 4.983427689654140562e-03
5.140000000000000124e-01 5.815540146186104140e-03
5.160000000000000142e-01 6.355739852710772658e-03
5.180000000000000160e-01 6.583777178125322510e-03
5.200000000000000178e-01 6.510363809973614135e-03
5.220000000000000195e-01 6.170075390273011516e-03
5.240000000000000213e-01 5.614178372943648236e-03
5.260000000000000231e-01 4.903736259798774193e-03
5.280000000000000249e-01 4.103291381177712888e-03
5.300000000000000266e-01 3.275368849343728017e-03
5.320000000000000284e-01 2.475998125314513628e-03
5.340000000000000302e-01 1.751387404354684801e-03
5.360000000000000320e-01 1.135814753489946399e-03
5.380000000000000338e-01 6.507209667340210996e-04
5.400000000000000355e-01 3.049098419660039878e-04
5.420000000000000373e-01 9.569117417011875962e-05
5.440000000000000391e-01 1.074863069858199810e-05
5.460000000000000409e-01 3.048457193563242767e-05
5.480000000000000426e-01 1.305887099224536181e-04
5.500000000000000444e-01 2.845953572580337660e-04
5.520000000000000462e-01 4.662300301877205823e-04
5.540000000000000480e-01 6.513938374661184822e-04
5.560000000000000497e-01 8.196866811991566784e-04
5.580000000000000515e-01 9.554219668620562642e-04
5.600000000000000533e-01 1.048131890495301302e-03
5.620000000000000551e-01 1.092600728864050056e-03
5.640000000000000568e-01 1.088492630600477584e-03
5.660000000000000586e-01 1.039660009514411804e-03
5.680000000000000604e-01 9.532292829226473229e-04
5.700000000000000622e-01 8.385632549924379323e-04
5.720000000000000639e-01 7.061949816039149539e-04
5.740000000000000657e-01 5.668176329097823676e-04
5.760000000000000675e-01 4.303999623974057837e-04
5.780000000000000693e-01 3.054788755531050930e-04
5.799999999999999600e-01 1.986607647164543027e-04
5.819999999999999618e-01 1.143432871859313259e-04
5.839999999999999636e-01 5.465062300328657366e-05
5.859999999999999654e-01 1.955928901627833422e-05
5.879999999999999671e-01 7.179336310246145047e-06
5.899999999999999689e-01 1.414784677317267660e-05
5.919999999999999707e-01 3.608824493237156907e-05
5.939999999999999725e-01 6.808979836627978861e-05
5.959999999999999742e-01 1.051661730259996041e-04
5.979999999999999760e-01 1.426591675377321454e-04
5.999999999999999778e-01 1.765627729237866409e-04
6.019999999999999796e-01 2.037524839749802060e-04
6.039999999999999813e-01 2.221144070301046163e-04
6.059999999999999831e-01 2.305774081339589325e-04
6.079999999999999849e-01 2.290587610879812137e-04
6.099999999999999867e-01 2.183391327962906853e-04
6.119999999999999885e-01 1.998861265249165240e-04
6.139999999999999902e-01 1.756470138997983797e-04
6.159999999999999920e-01 1.478308915951001578e-04
6.179999999999999938e-01 1.186985808133177097e-04
6.199999999999999956e-01 9.037550614891206354e-05
6.219999999999999973e-01 6.469894725546167431e-05
6.239999999999999991e-01 4.310685882902583725e-05
6.260000000000000009e-01 2.657128600275091151e-05
6.280000000000000027e-01 1.557559011765176140e-05
6.300000000000000044e-01 1.013150004666652415e-05
6.320000000000000062e-01 9.829581953827490998e-06
6.340000000000000080e-01 1.391515209729527014e-05
6.360000000000000098e-01 2.138093257902481918e-05
6.380000000000000115e-01 3.106778717818561028e-05
6.400000000000000133e-01 4.176553873460810980e-05
6.420000000000000151e-01 5.230699513542588287e-05
6.440000000000000169e-01 6.164972291366197562e-05
6.460000000000000187e-01 6.894164126448094497e-05
6.480000000000000204e-01 7.356802537317092851e-05
6.500000000000000222e-01 7.517890178607152072e-05
6.520000000000000240e-01 7.369702370586132584e-05
6.540000000000000258e-01 6.930760081061597216e-05
6.560000000000000275e-01 6.243172758075551726e-05
6.580000000000000293e-01 5.368602900388422879e-05
6.600000000000000311e-01 4.383145730917626629e-05
6.620000000000000329e-01 3.371446430574129115e-05
6.640000000000000346e-01 2.420396962457919412e-05
6.660000000000000364e-01 1.612766197215812611e-05
6.680000000000000382e-01 1.021120820451933736e-05
6.700000000000000400e-01 7.023888430174612832e-06
6.720000000000000417e-01 6.933997919459421129e-06
6.740000000000000435e-01 1.007702610252540635e-05
6.760000000000000453e-01 1.633911048136249642e-05
6.780000000000000471e-01 2.535755041518023201e-05
6.800000000000000488e-01 3.653925273229534788e-05
6.820000000000000506e-01 4.909689168988466896e-05
6.840000000000000524e-01 6.210135014220346020e-05
6.860000000000000542e-01 7.454774200227006799e-05
6.880000000000000560e-01 8.543109433595467267e-05
6.900000000000000577e-01 9.382669961906551321e-05
6.920000000000000595e-01 9.896934710363933609e-05
6.940000000000000613e-01 1.003252102930103537e-04
6.960000000000000631e-01 9.765018884833645248e-05
6.980000000000000648e-01 9.102903038170378396e-05
7.000000000000000666e-01 8.089060346997655187e-05
7.020000000000000684e-01 6.799622548423686359e-05
7.040000000000000702e-01 5.339988768885658613e-05
7.059999999999999609e-01 3.838144016279589125e-05
7.079999999999999627e-01 2.435613644330063296e-05
7.099999999999999645e-01 1.276620028683099039e-05
7.119999999999999662e-01 4.962058857605659514e-06
7.139999999999999680e-01 2.082387331239930189e-06
7.159999999999999698e-01 4.942952441253614901e-06
7.179999999999999716e-01 1.394429337832562484e-05
7.199999999999999734e-01 2.900746540123733932e-05
7.219999999999999751e-01 4.954539504049262146e-05
7.239999999999999769e-01 7.447493653151510487e-05
7.259999999999999787e-01 1.022716350645728393e-04
7.279999999999999805e-01 1.310657203761472767e-04
7.299999999999999822e-01 1.587742502951565167e-04
7.319999999999999840e-01 1.832609029119669042e-04
7.339999999999999858e-01 2.025119823460226956e-04
7.359999999999999876e-01 2.148150356869024441e-04
7.379999999999999893e-01 2.189253059521138181e-04
7.399999999999999911e-01 2.142052249246464805e-04
7.419999999999999929e-01 2.007233532757355244e-04
7.439999999999999947e-01 1.793015824658317073e-04
7.459999999999999964e-01 1.515029071272366900e-04
7.479999999999999982e-01 1.195564497010777051e-04
7.500000000000000000e-01 8.622137969705445106e-05
7.520000000000000018e-01 5.459655865780571582e-05
7.540000000000000036e-01 2.788775114330618415e-05
7.560000000000000053e-01 9.148644298721785920e-06
7.580000000000000071e-01 1.015298232585777478e-06
7.600000000000000089e-01 5.455640021051698793e-06
7.620000000000000107e-01 2.355593876170072363e-05
7.640000000000000124e-01 5.536470333183529798e-05
7.660000000000000142e-01 9.981112583503798385e-05
7.680000000000000160e-01 1.547102137021388987e-04
7.700000000000000178e-01 2.168604332458505795e-04
7.720000000000000195e-01 2.822324873129122900e-04
7.740000000000000213e-01 3.462403253953902577e-04
7.760000000000000231e-01 4.040782431379795199e-04
7.780000000000000249e-01 4.511015642422347796e-04
7.800000000000000266e-01 4.832234518999400127e-04
7.820000000000000284e-01 4.972973031878648482e-04
7.840000000000000302e-01 4.914532467460074007e-04
7.860000000000000320e-01 4.653586525413939924e-04
7.880000000000000338e-01 4.203762876660853713e-04
7.900000000000000355e-01 3.595996826505721894e-04
7.920000000000000373e-01 2.877531384485369445e-04
7.940000000000000391e-01 2.109532000703020387e-04
7.960000000000000409e-01 1.363388127835157382e-04
7.980000000000000426e-01 7.158810240192468768e-05
8.000000000000000444e-01 2.435002199143867122e-05
8.020000000000000462e-01 1.628151515759198934e-06
8.040000000000000480e-01 9.160885170946865970e-06
8.060000000000000497e-01 5.084632053041917654e-05
8.080000000000000515e-01 1.282607625727082894e-04
8.100000000000000533e-01 2.403165206366831468e-04
8.120000000000000551e-01 3.830975830359386962e-04
8.140000000000000568e-01 5.499011521338285306e-04
8.160000000000000586e-01 7.314996176399871531e-04
8.180000000000000604e-01 9.166223389364801938e-04
8.200000000000000622e-01 1.092640775599236936e-03
8.220000000000000639e-01 1.246425261313864868e-03
8.240000000000000657e-01 1.365328173188738812e-03
8.260000000000000675e-01 1.438237298580149082e-03
8.280000000000000693e-01 1.456635460113266892e-03
8.300000000000000711e-01 1.415598263033591552e-03
8.320000000000000728e-01 1.314661278801528476e-03
8.340000000000000746e-01 1.158491033528183476e-03
8.359999999999999654e-01 9.573007296524238888e-04
8.379999999999999671e-01 7.269616056192052108e-04
8.399999999999999689e-01 4.887741689756926839e-04
8.419999999999999707e-01 2.688801379385360145e-04
8.439999999999999725e-01 9.731558340757826865e-05
8.459999999999999742e-01 6.727981162590309818e-06
8.479999999999999760e-01 3.080373930713715995e-05
8.499999999999999778e-01 2.024767942911564382e-04
8.519999999999999796e-01 5.520110707748028317e-04
8.539999999999999813e-01 1.105067565410781287e-03
8.559999999999999831e-01 1.880878022757342342e-03
8.579999999999999849e-01 2.890649404426845655e-03
8.599999999999999867e-01 4.136315147328669881e-03
8.619999999999999885e-01 5.609730310019313444e-03
8.639999999999999902e-01 7.292379251402699748e-03
8.659999999999999920e-01 9.155629049508376763e-03
8.679999999999999938e-01 1.116152309924263106e-02
8.699999999999999956e-01 1.326407143476195441e-02
8.719999999999999973e-01 1.541096131914111017e-02
8.739999999999999991e-01 1.754558680206165858e-02
8.760000000000000009e-01 1.960928112112365201e-02
8.780000000000000027e-01 2.154363146615249913e-02
8.800000000000000044e-01 2.329276065851683744e-02
8.820000000000000062e-01 2.480547263619897053e-02
8.840000000000000080e-01 2.603717559521792971e-02
8.860000000000000098e-01 2.695151547214539450e-02
8.880000000000000115e-01 2.752167088367527686e-02
8.900000000000000133e-01 2.773127704258810527e-02
8.920000000000000151e-01 2.757495981495345500e-02
8.940000000000000169e-01 2.705847204645688009e-02
8.959999999999999076e-01 2.619843328420694284e-02
8.980000000000001315e-01 2.502168219252989823e-02
9.000000000000000222e-01 2.356425954565467482e-02
9.020000000000000240e-01 2.187004973897904020e-02
9.039999999999999147e-01 1.998912089705436046e-02
9.060000000000001386e-01 1.797581782451465257e-02
9.080000000000000293e-01 1.588667745393670602e-02
9.100000000000000311e-01 1.377825156523086736e-02
9.120000000000000329e-01 1.170493429684953124e-02
9.139999999999999236e-01 9.716900054346472304e-03
9.160000000000001474e-01 7.858258668661480262e-03
9.180000000000000382e-01 6.165527571023812076e-03
9.200000000000000400e-01 4.666504827354186168e-03
9.219999999999999307e-01 3.379602814162245214e-03
9.240000000000001545e-01 2.313672107540773720e-03
9.260000000000000453e-01 1.468311736376851345e-03
9.280000000000000471e-01 8.346287947096761237e-04
9.299999999999999378e-01 3.963809946762625216e-04
9.320000000000001616e-01 1.314129352774067859e-04
9.340000000000000524e-01 1.328255405969800766e-05
9.360000000000000542e-01 1.296914348093167718e-05
9.380000000000000560e-01 1.005579700242031666e-04
9.400000000000001688e-01 2.468075789067961275e-04
9.420000000000000595e-01 4.245223265699959656e-04
9.440000000000000613e-01 6.096724072035732828e-04
9.460000000000000631e-01 7.822245904440326258e-04
9.479999999999999538e-01 9.266673782279781762e-04
9.500000000000001776e-01 1.032233080114950069e-03
9.520000000000000684e-01 1.092835609932694312e-03
9.540000000000000702e-01 1.106756200893544177e-03
9.559999999999999609e-01 1.076119562422521696e-03
9.580000000000001847e-01 1.006210247143354613e-03
9.600000000000000755e-01 9.046832146847433830e-04
9.620000000000000773e-01 7.807238457049850856e-04
9.639999999999999680e-01 6.442110706365820894e-04
9.659999999999999698e-01 5.049329797169663367e-04
9.679999999999999716e-01 3.718975103697147997e-04
9.699999999999998623e-01 2.527719403069496502e-04
9.720000000000000862e-01 1.534744691423445620e-04
9.739999999999999769e-01 7.792981965193079255e-05
9.759999999999999787e-01 2.798929539017293983e-05
9.779999999999998694e-01 3.504895174259233336e-06
9.800000000000000933e-01 2.537655347780962454e-06
9.819999999999999840e-01 2.167298782970804888e-05
9.839999999999999858e-01 5.641083197238975448e-05
9.859999999999998765e-01 1.015961397022640064e-04
9.880000000000001004e-01 1.518555298952045402e-04
9.899999999999999911e-01 2.020086339110382392e-04
9.919999999999999929e-01 2.474272998440583157e-04
9.939999999999998836e-01 2.843219111873304260e-04
9.960000000000001075e-01 3.099410406942768796e-04
9.979999999999999982e-01 3.226779395766265720e-04
1.000000000000000000e+00 3.220844361206099370e-04
1.002000000000000002e+00 3.087992381620367050e-04
1.004000000000000004e+00 2.844030389103867611e-04
1.006000000000000005e+00 2.512169494747776245e-04
1.008000000000000007e+00 2.120634559576360602e-04
1.010000000000000009e+00 1.700102541052314381e-04
1.012000000000000011e+00 1.281169754026802339e-04
1.014000000000000012e+00 8.920310272038424752e-05
1.016000000000000014e+00 5.565248052718798174e-05
1.018000000000000016e+00 2.926602581138708259e-05
1.020000000000000018e+00 1.116986379889394730e-05
1.022000000000000020e+00 1.781499638811528683e-06
1.024000000000000021e+00 8.321466257407187547e-07
1.026000000000000023e+00 7.439290931778269438e-06
1.028000000000000025e+00 2.022025691950499456e-05
1.030000000000000027e+00 3.743514851959725185e-05
1.032000000000000028e+00 5.714619744232327179e-05
1.034000000000000030e+00 7.738027525693171689e-05
1.036000000000000032e+00 9.628206547659011667e-05
1.038000000000000034e+00 1.122470120405495855e-04
1.040000000000000036e+00 1.240254741378590125e-04
1.042000000000000037e+00 1.307922997557084183e-04
1.044000000000000039e+00 1.321790407002666529e-04
1.046000000000000041e+00 1.282690323899735984e-04
1.048000000000000043e+00 1.195583336326395236e-04
1.050000000000000044e+00 1.068878788164692576e-04
1.052000000000000046e+00 9.135399380864994809e-05
1.054000000000000048e+00 7.420557289463961740e-05
1.056000000000000050e+00 5.673666492525693115e-05
1.058000000000000052e+00 4.018298243227869278e-05
1.060000000000000053e+00 2.562998696523411342e-05
1.062000000000000055e+00 1.393881886270057024e-05
1.064000000000000057e+00 5.694565882384393062e-06
1.066000000000000059e+00 1.179360067349309795e-06
1.068000000000000060e+00 3.707231394098448639e-07
1.070000000000000062e+00 2.963610509648379786e-06
1.072000000000000064e+00 8.412878821703491034e-06
1.074000000000000066e+00 1.599154022906791112e-05
1.076000000000000068e+00 2.485925112808980318e-05
1.078000000000000069e+00 3.413505629243930833e-05
1.080000000000000071e+00 4.296847265362892211e-05
1.082000000000000073e+00 5.060351335820038730e-05
1.084000000000000075e+00 5.643115234620599242e-05
1.086000000000000076e+00 6.002691792746142190e-05
1.088000000000000078e+00 6.117167014282479185e-05
1.090000000000000080e+00 5.985504456519943320e-05
1.092000000000000082e+00 5.626242110083127233e-05
1.094000000000000083e+00 5.074749814126684993e-05
1.096000000000000085e+00 4.379353615889719270e-05
1.098000000000000087e+00 3.596701978340891616e-05
1.100000000000000089e+00 2.786783917363988843e-05
1.102000000000000091e+00 2.008010309633935828e-05
1.104000000000000092e+00 1.312738700029053754e-05
1.106000000000000094e+00 7.435632644089948811e-06
1.108000000000000096e+00 3.306113618797886876e-06
1.110000000000000098e+00 8.999390798425066593e-07
1.112000000000000099e+00 2.345684409062225453e-07
1.114000000000000101e+00 1.191834960897237164e-06
1.116000000000000103e+00 3.536101664074928548e-06
1.118000000000000105e+00 6.940462054471655551e-06
1.120000000000000107e+00 1.101839700442597369e-05
1.122000000000000108e+00 1.535803480433784566e-05
1.124000000000000110e+00 1.955613988100958077e-05
1.126000000000000112e+00 2.324916350417182811e-05
1.128000000000000114e+00 2.613909589874921960e-05
1.130000000000000115e+00 2.801241860316168792e-05
1.132000000000000117e+00 2.875111450507360493e-05
1.134000000000000119e+00 2.833539196867587245e-05
1.136000000000000121e+00 2.683846073691182130e-05
1.138000000000000123e+00 2.441430767689695418e-05
1.140000000000000124e+00 2.127991577210229892e-05
1.142000000000000126e+00 1.769371771369144134e-05
1.144000000000000128e+00 1.393225743558459701e-05
1.146000000000000130e+00 1.026704473330975198e-05
1.148000000000000131e+00 6.943439435687066849e-06
1.150000000000000133e+00 4.163114520847504902e-06
1.152000000000000135e+00 2.071254012094774533e-06
1.154000000000000137e+00 7.491801937721929287e-07
1.155999999999999917e+00 2.126175350779398284e-07
1.157999999999999918e+00 4.153292350003145983e-07
1.159999999999999920e+00 1.257444187316274807e-06
1.161999999999999922e+00 2.597458356166167362e-06
1.163999999999999924e+00 4.266667103046970461e-06
1.165999999999999925e+00 6.084675693599146401e-06
1.167999999999999927e+00 7.874645253551757791e-06
1.169999999999999929e+00 9.477051944989544997e-06
1.171999999999999931e+00 1.076095057788177119e-05
1.173999999999999932e+00 1.163201602379015550e-05
1.175999999999999934e+00 1.203695824446957543e-05
1.177999999999999936e+00 1.196423954507408355e-05
1.179999999999999938e+00 1.144133692947612788e-05
1.181999999999999940e+00 1.052906279272010701e-05
1.183999999999999941e+00 9.313663656883001098e-06
1.185999999999999943e+00 7.897546058419350112e-06
1.187999999999999945e+00 6.389525364371500689e-06
1.189999999999999947e+00 4.895459101684351533e-06
1.191999999999999948e+00 3.510020152236022874e-06
1.193999999999999950e+00 2.310201454740238511e-06
1.195999999999999952e+00 1.350941359167510353e-06
1.197999999999999954e+00 6.630384183988037235e-07
1.199999999999999956e+00 2.533073156981275570e-07
1.201999999999999957e+00 1.067332462400071687e-07
1.203999999999999959e+00 1.902264698439999401e-07
1.205999999999999961e+00 4.574733367421900786e-07
1.207999999999999963e+00 8.543308396831256932e-07
1.209999999999999964e+00 1.324218950908426198e-06
1.211999999999999966e+00 1.813023564696379008e-06
1.213999999999999968e+00 2.273123077619267965e-06
1.215999999999999970e+00 2.666280374509959948e-06
1.217999999999999972e+00 2.965284141517743993e-06
1.219999999999999973e+00 3.154363505187466489e-06
1.221999999999999975e+00 3.228523646263722965e-06
1.223999999999999977e+00 3.192045440193883487e-06
1.225999999999999979e+00 3.056451118840833733e-06
1.227999999999999980e+00 2.838256511876745065e-06
1.229999999999999982e+00 2.556809239126528487e-06
1.231999999999999984e+00 2.232456241516312947e-06
1.233999999999999986e+00 1.885201902956454447e-06
1.235999999999999988e+00 1.533921056623871509e-06
1.237999999999999989e+00 1.196092146104347856e-06
1.239999999999999991e+00 8.879275098986095783e-07
1.241999999999999993e+00 6.247116185487710801e-07
1.243999999999999995e+00 4.211229448693842810e-07
1.245999999999999996e+00 2.913162417312587504e-07
1.247999999999999998e+00 2.485803694301303004e-07
1.250000000000000000e+00 3.044590790649160315e-07
1.252000000000000002e+00 4.673207725804643992e-07
1.254000000000000004e+00 7.404771878529521034e-07
1.256000000000000005e+00 1.120066717407375572e-06
1.258000000000000007e+00 1.593021067527954696e-06
1.260000000000000009e+00 2.135509975772608402e-06
1.262000000000000011e+00 2.712295379090912603e-06
1.264000000000000012e+00 3.277414677596447503e-06
1.266000000000000014e+00 3.776547873198080440e-06
1.268000000000000016e+00 4.151305827709472709e-06
1.270000000000000018e+00 4.345512583248697084e-06
1.272000000000000020e+00 4.313354768117548161e-06
1.274000000000000021e+00 4.029051273314905517e-06
1.276000000000000023e+00 3.497475726229669393e-06
1.278000000000000025e+00 2.764963774143915857e-06
1.280000000000000027e+00 1.929377885604253227e-06
1.282000000000000028e+00 1.148403571141731082e-06
1.284000000000000030e+00 6.450283021451913279e-07
1.286000000000000032e+00 7.092184493005634267e-07
1.288000000000000034e+00 1.694964266905630946e-06
1.290000000000000036e+00 4.012105060036273576e-06
1.292000000000000037e+00 8.112665403907208945e-06
1.294000000000000039e+00 1.447181069219849234e-05
1.296000000000000041e+00 2.356394224961138508e-05
1.298000000000000043e+00 3.583486979962576674e-05
1.300000000000000044e+00 5.167139077969470950e-05
1.302000000000000046e+00 7.136993957778279218e-05
1.304000000000000048e+00 9.510621554422829288e-05
1.306000000000000050e+00 1.229078310014817188e-04
1.308000000000000052e+00 1.546320209474865359e-04
1.310000000000000053e+00 1.899503150356552869e-04
1.312000000000000055e+00 2.283417896231610886e-04
1.314000000000000057e+00 2.690961040533922316e-04
1.316000000000000059e+00 3.113270015932167382e-04
1.318000000000000060e+00 3.539963517893733244e-04
1.320000000000000062e+00 3.959481641552867193e-04
1.322000000000000064e+00 4.359513552783779661e-04
1.324000000000000066e+00 4.727494461328818950e-04
1.326000000000000068e+00 5.051148454691676334e-04
1.328000000000000069e+00 5.319049769514294038e-04
1.330000000000000071e+00 5.521172624462735616e-04
1.332000000000000073e+00 5.649399030527001977e-04
1.334000000000000075e+00 5.697955134087086693e-04
1.336000000000000076e+00 5.663749623583395247e-04
1.338000000000000078e+00 5.546592408385308572e-04
1.340000000000000080e+00 5.349277919281124252e-04
1.342000000000000082e+00 5.077524642451303888e-04
1.344000000000000083e+00 4.739770465871636978e-04
1.346000000000000085e+00 4.346831615264383822e-04
1.348000000000000087e+00 3.911440890244727514e-04
1.350000000000000089e+00 3.447688079297552325e-04
1.352000000000000091e+00 2.970391380715125835e-04
1.354000000000000092e+00 2.494432983099743959e-04
1.356000000000000094e+00 2.034094365547055696e-04
1.358000000000000096e+00 1.602427171260954058e-04
1.360000000000000098e+00 1.210693642780314480e-04
1.362000000000000099e+00 8.679066582078834280e-05
1.364000000000000101e+00 5.804936131940652267e-05
1.366000000000000103e+00 3.521010956044856002e-05
1.368000000000000105e+00 1.835489675233177548e-05
1.370000000000000107e+00 7.293362698646786227e-06
1.372000000000000108e+00 1.587144574252251208e-06
1.374000000000000110e+00 5.865232464972958585e-07
1.376000000000000112e+00 3.476957608736167643e-06
1.378000000000000114e+00 9.332552182987427587e-06
1.380000000000000115e+00 1.717315514760291148e-05
1.382000000000000117e+00 2.602164757648043266e-05
1.384000000000000119e+00 3.495806527801967697e-05
1.386000000000000121e+00 4.316748291561763230e-05
1.388000000000000123e+00 4.997906360767087169e-05
1.390000000000000124e+00 5.489430164166854539e-05
1.392000000000000126e+00 5.760321822356284058e-05
1.394000000000000128e+00 5.798806103736479304e-05
1.396000000000000130e+00 5.611485598980574843e-05
1.398000000000000131e+00 5.221391248994880464e-05
1.400000000000000133e+00 4.665104461772352854e-05
1.402000000000000135e+00 3.989179886893018991e-05
1.404000000000000137e+00 3.246134353424944116e-05
1.406000000000000139e+00 2.490285501730328589e-05
1.408000000000000140e+00 1.773722484687923027e-05
1.409999999999999920e+00 1.142671297350412410e-05
1.411999999999999922e+00 6.344805776122675357e-06
1.413999999999999924e+00 2.754029802195549965e-06
1.415999999999999925e+00 7.928626261946582468e-07
1.417999999999999927e+00 4.722144731022447028e-07
1.419999999999999929e+00 1.681276030155356407e-06
1.421999999999999931e+00 4.201886280920454345e-06
1.423999999999999932e+00 7.730012888321610633e-06
1.425999999999999934e+00 1.190249350849733341e-05
1.427999999999999936e+00 1.632688715350325001e-05
1.429999999999999938e+00 2.061214700594953296e-05
1.431999999999999940e+00 2.439785480530841578e-05
1.433999999999999941e+00 2.737994494270967806e-05
1.435999999999999943e+00 2.933117558526118209e-05
1.437999999999999945e+00 3.011504693716778112e-05
1.439999999999999947e+00 2.969238826038948933e-05
1.441999999999999948e+00 2.812039612366617507e-05
1.443999999999999950e+00 2.554446537717141495e-05
1.445999999999999952e+00 2.218367160642599110e-05
1.447999999999999954e+00 1.831120330470042788e-05
1.449999999999999956e+00 1.423137410120803615e-05
1.451999999999999957e+00 1.025504881355039100e-05
1.453999999999999959e+00 6.675380271819537173e-06
1.455999999999999961e+00 3.745675566756094719e-06
1.457999999999999963e+00 1.660999685750964885e-06
1.459999999999999964e+00 5.447999748817206071e-07
1.461999999999999966e+00 4.414230726428963837e-07
1.463999999999999968e+00 1.314929360828133198e-06
1.465999999999999970e+00 3.054124500240087729e-06
1.467999999999999972e+00 5.483259838247596923e-06
1.469999999999999973e+00 8.377437939173062510e-06
1.471999999999999975e+00 1.148142612125446826e-05
1.473999999999999977e+00 1.453035286592712949e-05
1.475999999999999979e+00 1.727065406460744619e-05
1.477999999999999980e+00 1.947965386987868686e-05
1.479999999999999982e+00 2.098230436982914183e-05
1.481999999999999984e+00 2.166385649895441446e-05
1.483999999999999986e+00 2.147757071029973261e-05
1.485999999999999988e+00 2.044697300572617858e-05
1.487999999999999989e+00 1.866258901403633179e-05
1.489999999999999991e+00 1.627351323384495111e-05
1.491999999999999993e+00 1.347456041875133761e-05
1.493999999999999995e+00 1.049007253473343762e-05
1.495999999999999996e+00 7.555694079227725386e-06
1.497999999999999998e+00 4.899563975089160316e-06
1.500000000000000000e+00 2.724394927242250190e-06
1.502000000000000002e+00 1.191820830849124835e-06
1.504000000000000004e+00 4.101978821339330616e-07
1.506000000000000005e+00 4.267616278053617489e-07
1.508000000000000007e+00 1.224693046295018480e-06
1.510000000000000009e+00 2.725259364674266557e-06
1.512000000000000011e+00 4.794799829312554671e-06
1.514000000000000012e+00 7.255953492264106489e-06
1.516000000000000014e+00 9.902203630599193298e-06
1.518000000000000016e+00 1.251456589969278366e-05
1.520000000000000018e+00 1.487909291530338370e-05
1.522000000000000020e+00 1.680381755481636177e-05
1.524000000000000021e+00 1.813381368961788928e-05
1.526000000000000023e+00 1.876321096407679767e-05
1.528000000000000025e+00 1.864324659216745259e-05
1.530000000000000027e+00 1.778575235368941228e-05
1.532000000000000028e+00 1.626183433980795513e-05
1.534000000000000030e+00 1.419587869796478494e-05
1.536000000000000032e+00 1.175537976103539824e-05
1.538000000000000034e+00 9.137409750801062742e-06
1.540000000000000036e+00 6.552807145396852880e-06
1.542000000000000037e+00 4.209334248945755713e-06
1.544000000000000039e+00 2.295130461380397537e-06
1.546000000000000041e+00 9.637606464201297807e-07
1.548000000000000043e+00 3.220301664792259884e-07
1.550000000000000044e+00 4.215196652308785574e-07
1.552000000000000046e+00 1.254500540989806985e-06
1.554000000000000048e+00 2.754548963495814444e-06
1.556000000000000050e+00 4.801808821168978037e-06
1.558000000000000052e+00 7.232490599081637131e-06
1.560000000000000053e+00 9.851861991780987610e-06
1.562000000000000055e+00 1.244971263120859644e-05
1.564000000000000057e+00 1.481708079194213047e-05
1.566000000000000059e+00 1.676292932419025389e-05
1.568000000000000060e+00 1.812945919219258989e-05
1.570000000000000062e+00 1.880485183115795684e-05
1.572000000000000064e+00 1.873242832999645396e-05
1.574000000000000066e+00 1.791548923911231685e-05
1.576000000000000068e+00 1.641743261411219933e-05
1.578000000000000069e+00 1.435711429243575515e-05
1.580000000000000071e+00 1.189978536549617002e-05
1.582000000000000073e+00 9.244288899449784890e-06
1.584000000000000075e+00 6.607494383140957618e-06
1.586000000000000076e+00 4.207171058236192569e-06
1.588000000000000078e+00 2.244632577596341245e-06
1.590000000000000080e+00 8.885145617451319535e-07
1.592000000000000082e+00 2.609705068911940384e-07
1.594000000000000083e+00 4.273951064984995994e-07
1.596000000000000085e+00 1.390520085241893317e-06
1.598000000000000087e+00 3.089395636209243676e-06
1.600000000000000089e+00 5.403395452101611585e-06
1.602000000000000091e+00 8.160993615430083210e-06
1.604000000000000092e+00 1.115268711741235144e-05
1.606000000000000094e+00 1.414710745386280414e-05
1.608000000000000096e+00 1.690910441892677957e-05
1.610000000000000098e+00 1.921841555464367894e-05
1.612000000000000099e+00 2.088746972337025831e-05
1.614000000000000101e+00 2.177691906146364491e-05
1.616000000000000103e+00 2.180764799528261502e-05
1.618000000000000105e+00 2.096826066793029480e-05
1.620000000000000107e+00 1.931738112490518646e-05
1.622000000000000108e+00 1.698048983264661209e-05
1.624000000000000110e+00 1.414143689385140081e-05
1.626000000000000112e+00 1.102918558216780464e-05
1.628000000000000114e+00 7.900718220993184284e-06
1.630000000000000115e+00 5.021350814444950208e-06
1.632000000000000117e+00 2.643928226361521611e-06
1.634000000000000119e+00 9.884894820792180214e-07
1.636000000000000121e+00 2.239918879467226622e-07
1.638000000000000123e+00 4.535609066037395652e-07
1.640000000000000124e+00 1.704496798932292082e-06
1.642000000000000126e+00 3.923934445494762257e-06
1.644000000000000128e+00 6.980642639536327613e-06
1.646000000000000130e+00 1.067299279176812074e-05
1.648000000000000131e+00 1.474265770198419054e-05
1.650000000000000133e+00 1.889315368880714060e-05
1.652000000000000135e+00 2.281194780343362321e-05
1.654000000000000137e+00 2.619454639343141223e-05
1.656000000000000139e+00 2.876878645525337492e-05
1.658000000000000140e+00 3.031748377664611786e-05
1.660000000000000142e+00 3.069765972809105313e-05
1.662000000000000144e+00 2.985476977388796534e-05
1.664000000000000146e+00 2.783067992188966041e-05
1.666000000000000147e+00 2.476456190634330893e-05
1.667999999999999927e+00 2.088637580387506216e-05
1.669999999999999929e+00 1.650314605940297668e-05
1.671999999999999931e+00 1.197877602397476841e-05
1.673999999999999932e+00 7.708648527207615121e-06
1.675999999999999934e+00 4.090688772420303674e-06
1.677999999999999936e+00 1.494888237918112006e-06
1.679999999999999938e+00 2.334782347397447860e-07
1.681999999999999940e+00 5.339818658809537150e-07
1.683999999999999941e+00 2.517256055468216056e-06
1.685999999999999943e+00 6.182364671943152284e-06
1.687999999999999945e+00 1.139971408590323406e-05
1.689999999999999947e+00 1.791335848831227020e-05
1.691999999999999948e+00 2.535277723005499822e-05
1.693999999999999950e+00 3.325378008884388514e-05
1.695999999999999952e+00 4.108755202266033173e-05
1.697999999999999954e+00 4.829625078793487266e-05
1.699999999999999956e+00 5.433306030343234216e-05
1.701999999999999957e+00 5.870421623745626427e-05
1.703999999999999959e+00 6.101028644288311218e-05
1.705999999999999961e+00 6.098392634688457124e-05
1.707999999999999963e+00 5.852144599258143231e-05
1.709999999999999964e+00 5.370581740316901753e-05
1.711999999999999966e+00 4.681920328302803161e-05
1.713999999999999968e+00 3.834367541944566220e-05
1.715999999999999970e+00 2.894947930873896624e-05
1.717999999999999972e+00 1.947094946389325783e-05
1.719999999999999973e+00 1.087094215035820873e-05
1.721999999999999975e+00 4.195381882157069365e-06
1.723999999999999977e+00 5.201688166288853010e-07
1.725999999999999979e+00 8.932243791777939131e-07
1.727999999999999980e+00 6.274826563343258778e-06
1.729999999999999982e+00 1.747957834236121117e-05
1.731999999999999984e+00 3.512334715515057589e-05
1.733999999999999986e+00 5.957830761442337248e-05
1.735999999999999988e+00 9.093882320149167611e-05
1.737999999999999989e+00 1.290003379242049401e-04
1.739999999999999991e+00 1.732527488933139942e-04
1.741999999999999993e+00 2.228889378130061508e-04
1.743999999999999995e+00 2.768283015206811034e-04
1.745999999999999996e+00 3.337542902676617572e-04
1.747999999999999998e+00 3.921641875954523775e-04
1.750000000000000000e+00 4.504286936295944128e-04
1.752000000000000002e+00 5.068583437454700271e-04
1.754000000000000004e+00 5.597734359272278637e-04
1.756000000000000005e+00 6.075739712622533822e-04
1.758000000000000007e+00 6.488061392538500231e-04
1.760000000000000009e+00 6.822220969530809953e-04
1.762000000000000011e+00 7.068301820356904294e-04
1.764000000000000012e+00 7.219332384657189744e-04
1.766000000000000014e+00 7.271533855265122125e-04
1.768000000000000016e+00 7.224422877199920432e-04
1.770000000000000018e+00 7.080767425135853135e-04
1.772000000000000020e+00 6.846401526035361760e-04
1.774000000000000021e+00 6.529911489405893638e-04
1.776000000000000023e+00 6.142212433740768321e-04
1.778000000000000025e+00 5.696038848649165971e-04
1.780000000000000027e+00 5.205376469866140844e-04
1.782000000000000028e+00 4.684864718448938318e-04
1.784000000000000030e+00 4.149199304366332059e-04
1.786000000000000032e+00 3.612563352466310863e-04
1.788000000000000034e+00 3.088112693530688561e-04
1.790000000000000036e+00 2.587536984495815038e-04
1.791999999999999815e+00 2.120713345345423301e-04
1.793999999999999817e+00 1.695463553209919957e-04
1.796000000000000263e+00 1.317419865867772242e-04
1.798000000000000265e+00 9.899986161393241487e-05
1.800000000000000044e+00 7.144751665217852720e-05
1.802000000000000046e+00 4.901489445646158380e-05
1.804000000000000048e+00 3.145833383473005824e-05
1.806000000000000050e+00 1.839023967129172252e-05
1.807999999999999829e+00 9.312464819849053710e-06
1.809999999999999831e+00 3.651394300900221497e-06
1.812000000000000277e+00 7.927976357063836052e-07
1.814000000000000279e+00 1.146940362122954073e-07
1.816000000000000059e+00 1.016739400515622550e-06
1.818000000000000060e+00 2.944971349158380665e-06
1.820000000000000062e+00 5.411114446198945010e-06
1.822000000000000064e+00 8.006027289093393300e-06
1.824000000000000066e+00 1.040724246884342328e-05
1.825999999999999845e+00 1.238088816675859082e-05
1.827999999999999847e+00 1.377856874796062591e-05
1.830000000000000293e+00 1.453000799534363968e-05
1.832000000000000295e+00 1.463241447536464172e-05
1.834000000000000075e+00 1.413761087171468671e-05
1.836000000000000076e+00 1.313797981475304795e-05
1.838000000000000078e+00 1.175222397035162225e-05
1.840000000000000080e+00 1.011182776862609821e-05
1.842000000000000082e+00 8.348954672711640581e-06
1.843999999999999861e+00 6.586331471652219041e-06
1.846000000000000307e+00 4.929474499912212043e-06
1.848000000000000309e+00 3.461416201899560655e-06
1.850000000000000089e+00 2.239907012093944806e-06
1.852000000000000091e+00 1.296907852520505691e-06
1.854000000000000092e+00 6.400607533951887873e-07
1.856000000000000094e+00 2.557342424305300751e-07
1.858000000000000096e+00 1.131882079459763521e-07
1.859999999999999876e+00 1.693889879051723240e-07
1.861999999999999877e+00 3.740259472201866744e-07
1.864000000000000323e+00 6.743302018276131470e-07
1.866000000000000325e+00 1.019367396418193115e-06
1.868000000000000105e+00 1.363561724904363124e-06
1.870000000000000107e+00 1.669299758655225534e-06
1.872000000000000108e+00 1.908552649732861272e-06
1.874000000000000110e+00 2.063537433155091699e-06
1.876000000000000112e+00 2.126507353419521212e-06
1.877999999999999892e+00 2.098813887997576751e-06
1.880000000000000338e+00 1.989417625108306553e-06
1.882000000000000339e+00 1.813041208692712255e-06
1.884000000000000119e+00 1.588156481761391029e-06
1.886000000000000121e+00 1.334982218524924534e-06
1.888000000000000123e+00 1.073641754192311876e-06
1.890000000000000124e+00 8.225951865106457515e-07
1.892000000000000126e+00 5.974225194995604887e-07
1.893999999999999906e+00 4.099957883036016613e-07
1.895999999999999908e+00 2.680429685214168360e-07
1.898000000000000353e+00 1.750767342220857534e-07
1.900000000000000355e+00 1.306384516313595154e-07
1.902000000000000135e+00 1.307928839464378729e-07
1.904000000000000137e+00 1.688018376238182683e-07
1.906000000000000139e+00 2.359046199875522338e-07
1.908000000000000140e+00 3.221384171079973622e-07
1.910000000000000142e+00 4.171409503968503347e-07
1.911999999999999922e+00 5.108893451898024517e-07
1.914000000000000368e+00 5.943414564958104192e-07
1.916000000000000369e+00 6.599576100589642935e-07
1.918000000000000149e+00 7.020908604432880276e-07
1.920000000000000151e+00 7.172418895690907379e-07
1.921999999999999709e+00 7.041804393558742761e-07
1.924000000000000155e+00 6.639389289235609750e-07
1.926000000000000156e+00 5.996861684082986412e-07
1.927999999999999936e+00 5.164905239512197791e-07
1.929999999999999938e+00 4.209832174560358401e-07
1.931999999999999940e+00 3.209342680328564872e-07
1.933999999999999941e+00 2.247563051815389060e-07
1.935999999999999943e+00 1.409552360534683093e-07
1.937999999999999723e+00 7.755135153554140513e-08
1.939999999999999725e+00 4.149943522411134175e-08
1.942000000000000171e+00 3.814107954038280637e-08
1.944000000000000172e+00 7.072585272216990140e-08
1.945999999999999952e+00 1.400393037857175439e-07
1.947999999999999954e+00 2.441742447342846943e-07
1.949999999999999956e+00 3.784767390286291456e-07
1.951999999999999957e+00 5.356895133838111505e-07
1.953999999999999737e+00 7.063032652667599012e-07
1.955999999999999739e+00 8.791111688620693077e-07
1.958000000000000185e+00 1.041944820056420533e-06
1.960000000000000187e+00 1.182552294165625932e-06
1.961999999999999966e+00 1.289562552124754832e-06
1.963999999999999968e+00 1.353466848459981305e-06
1.965999999999999970e+00 1.367538719112814612e-06
1.967999999999999972e+00 1.328610951784840710e-06
1.969999999999999973e+00 1.237631637658674956e-06
1.971999999999999753e+00 1.099932378672479759e-06
1.973999999999999755e+00 9.251597339855823298e-07
1.976000000000000201e+00 7.268450979998864771e-07
1.978000000000000203e+00 5.216168132522844369e-07
1.979999999999999982e+00 3.280892773164129620e-07
1.981999999999999984e+00 1.654945327213621731e-07
1.983999999999999986e+00 5.214956706716127355e-08
1.985999999999999988e+00 3.874565524093745068e-09
1.987999999999999767e+00 3.249121863492976909e-08
1.989999999999999769e+00 1.445339966243032526e-07
1.992000000000000215e+00 3.402999165625383596e-07
1.994000000000000217e+00 6.133435147039471656e-07
1.995999999999999996e+00 9.504942555335594600e-07
1.997999999999999998e+00 1.332435220036003993e-06
2.000000000000000000e+00 1.734837286289401344e-06
